1190
3017
1052
6628
3748
1378
9625
1784
6122
2079
7674
2298
8654
1627
4359
4090
2694
7911
2374
4594
4356
9279
2489
4325
62
2049
8289
4252
1380
5157
7265
6960
6839
22
11
6014
5840
8558
8445
2404
347
8726
7320
9176
8923
7006
3462
6147
8600
9989
2183
251
3590
5953
8998
7725
1066
5721
2115
1590
1868
2682
4438
7222
5205
1569
2409
4286
3836
1470
1456
829
4405
4893
4011
7126
6972
7564
8024
714
8597
2477
8977
4691
9086
8502
4398
2534
2516
7128
3884
4625
7657
9579
3133
7926
3574
1669
8811
2411
7160
3460
4526
6321
5929
7020
8287
1618
8208
3408
7078
6218
2947
1351
6045
1505
4993
3889
3741
2798
3902
8096
754
8884
8949
9663
6209
9544
6448
2286
217
1229
8113
2960
5178
8275
2181
119
3670
3919
1350
8198
7705
1181
7973
2031
9478
6023
5044
2348
1932
6906
3532
5281
9714
3573
2606
2182
3974
5897
65
4271
1147
5387
1543
7274
8053
3175
3299
7700
6954
3778
4211
6748
935
95
6066
6128
9523
8147
4089
5441
949
4952
6346
8606
5507
791
7888
3195
5267
5231
7019
7823
4831
9275
2764
3651
7036
4022
397
8768
7119
488
7819
3204
4838
1215
7452
3167
7150
6737
7781
7464
3104
42
6766
1847
9376
5918
5713
3310
1300
8133
4557
6067
4676
209
218
6330
4706
4578
8939
8673
86
2246
1071
5842
4431
6471
8744
971
9388
4297
2668
3327
4148
6659
5199
5753
7641
8902
448
6236
7434
8993
9710
6927
4473
8864
7498
2672
8528
7206
9891
5868
9811
6615
9785
3355
6556
8875
8476
5169
8308
9943
4270
2893
6588
2496
6777
5211
75
4096
28
6575
8245
3007
7490
6821
1158
2461
6687
3103
6917
4491
3609
6525
269
8994
5643
9968
8601
8203
1888
8026
8309
606
4515
4379
8338
7878
3662
8128
1104
9320
9230
9244
2090
6195
2484
3328
6690
9557
8248
4441
8918
1484
8519
5350
9144
2503
162
9092
6753
6438
2985
499
395
5787
702
1808
7613
3378
9448
2002
7591
6799
8587
8750
5767
7448
4749
6331
3838
8823
3418
5411
73
9293
3875
1745
7598
1087
9563
862
7258
3488
9911
3480
6420
9252
4044
8135
700
411
3081
9277
3284
7937
9365
8588
4626
4104
8548
9759
3964
3009
1683
120
1668
5539
9612
3325
657
5703
4318
9677
6496
6829
9103
4505
9898
6920
5607
1851
1735
30
8863
3289
4278
3120
3082
4916
5833
625
9420
9681
10000
7796
9452
9709
4147
4692
1704
757
7305
8593
8496
1179
8456
2775
8693
621
8743
4257
2844
7789
5108
3020
7096
7310
9601
2301
2302
3108
4141
4900
5642
3366
1670
9741
3695
9690
4236
5825
1908
199
8817
77
9276
6658
9249
9002
9684
4650
1399
2162
8391
7514
2785
615
8701
7060
9547
5925
9309
4053
3321
9930
8623
3217
1024
4554
1011
1795
1951
8253
2898
5908
5219
4517
1542
2013
1688
4989
5520
9611
1320
4030
9492
5417
8050
5232
750
3172
2158
9762
4498
6776
3944
8358
7701
21
2177
2988
9439
8072
6410
8281
7971
3808
913
6970
5883
8255
4501
9349
5785
3543
2621
3870
6868
3686
5794
5822
5439
8041
6245
2353
5348
5423
9568
3440
7953
9173
3833
9465
4201
5857
6663
5470
5688
9903
426
8895
2548
3564
7751
197
3696
8099
5983
5296
9565
5860
5902
9623
7610
6354
1240
4996
3012
117
4968
1469
1437
2871
7661
4077
4364
7977
6138
9624
8196
5602
8453
7711
4483
2995
5781
1093
989
5997
6013
8976
514
8853
4880
8484
4099
8982
8775
2386
9786
1276
3014
8029
8547
8265
878
5637
2395
1170
6573
3745
681
6688
2878
3168
9899
1037
36
8862
9836
5040
1839
385
1969
7046
9179
8760
8769
6002
6421
2092
7313
8665
8181
996
5828
4821
1014
7503
659
1415
1715
6145
9803
105
4825
3252
7831
7395
3050
7336
2335
2900
1246
158
9784
2709
6751
9571
6796
4984
1056
1397
3722
557
4221
9272
1527
3247
1779
5611
8268
2445
8822
3569
9619
1829
1472
6261
1583
7466
8656
3073
428
3549
3644
5129
94
6267
2821
4532
127
991
9291
5436
8140
7414
1895
2908
240
5626
8906
6528
2992
1731
1801
2216
3309
2027
4771
9952
6530
7067
6533
3771
1553
5650
6672
6903
4848
5823
4764
3203
421
2969
5409
4792
6
6374
3641
9023
9434
8916
5462
2703
114
5889
9963
5330
7901
8796
1684
7742
8179
1390
8385
7090
5254
5874
6820
2232
5508
3166
6857
2616
2863
1032
6266
6589
1813
1481
5014
6465
3030
2776
4165
6477
3294
671
1504
8087
3384
6221
4243
6169
6773
8407
2096
6270
402
4079
8894
3430
7417
6191
1570
7988
921
5282
1454
3141
9984
2429
6484
2441
3368
487
9870
9931
8057
2478
6792
4645
8678
7970
1090
2223
6911
1622
6476
3705
2805
9515
4999
6319
5839
2655
4571
9433
5498
2165
9604
7848
1763
8672
1207
3393
9854
2034
2005
8284
3015
3400
288
2648
1293
6677
7727
1738
2724
5538
457
7845
8294
6541
8329
4209
3951
7997
534
1768
6382
9339
8937
8015
1615
7938
4566
2537
3370
5400
1483
363
500
8102
6507
560
5292
9212
1362
5074
5042
9631
2935
3290
4745
5568
5223
1900
3560
9260
4599
6665
2125
7248
4374
9776
3556
2540
3818
7799
6362
741
7155
3269
3819
339
4320
5193
7293
6558
6311
9007
7367
9306
3980
2417
7633
7530
2479
3359
8625
1016
827
7058
7841
5941
4759
8997
2430
9328
364
977
4407
7893
8364
2438
1237
9723
5115
5606
4665
8538
8826
4138
2381
7773
697
8310
4295
4533
1875
9157
3689
41
3458
1747
4149
4453
9044
4445
4215
831
3593
3409
3134
2626
2488
9863
2067
3279
1333
8430
5864
9110
8229
4156
7497
6022
3969
7299
4145
8277
951
7260
2224
3495
4002
6079
7212
8312
156
9672
2414
1341
9647
9367
9009
2941
6095
6368
278
6524
4875
4839
8667
6952
7580
3684
5320
9488
7571
3900
6403
4543
7344
1631
2149
8427
9045
846
3342
3388
4071
4662
3021
8648
4584
1075
7186
9139
437
8036
5235
6024
1432
7245
6896
7914
9849
851
1157
4582
2685
3019
5888
888
3677
2057
8230
1962
8131
1860
6443
1489
6590
3196
7319
4823
498
6087
9789
650
655
675
9118
3721
54
9823
5763
7084
1628
6535
952
5727
6018
7342
9543
5976
6678
2542
302
9621
2436
356
5575
3111
9537
9560
8920
7913
984
6884
4216
2020
5483
7034
4833
4918
8602
9125
9896
7287
3411
7188
8282
2738
387
9748
3956
6926
3534
4803
292
1409
4947
6587
8354
4341
9633
6621
748
6386
8318
124
5388
7743
2743
7038
203
366
3414
5228
6096
9758
4609
9403
1577
6432
7822
9665
206
685
4154
1717
7396
1718
5147
8357
1876
3423
6797
6367
8951
3551
2890
9812
5898
1940
3735
7719
1326
7780
193
5597
6772
4136
5182
9717
9666
9494
6967
6480
663
6327
8235
1224
4047
5239
5800
9474
5431
8356
1427
3224
1122
7094
8483
2106
2435
4961
6153
6890
721
1983
5967
4023
8410
5932
8931
8546
4173
320
3179
6502
7837
1448
908
538
7250
508
9702
6540
2136
9837
8343
4929
1811
647
416
1338
1643
4924
6073
1346
1822
677
5852
5589
5428
2507
1864
3016
63
2930
4285
4114
7952
2362
9025
5026
6038
5705
7218
1558
2118
9093
2636
2571
1803
1788
8010
5367
6427
8018
9564
291
5221
4153
1344
856
5540
6549
2793
7043
551
7194
8866
7392
5625
3578
4806
384
7100
264
5712
5577
5827
2233
8783
1619
8276
4471
9318
841
7707
3006
9456
7475
142
2964
187
9744
2389
2226
6369
8584
8609
8543
9006
2291
1496
570
144
2202
4555
8314
2446
7531
1280
7595
9707
8733
7645
5901
1894
438
340
943
1388
7795
9259
9071
9640
2619
1855
1212
9879
2060
9743
4854
7445
740
3979
8233
7765
7147
5249
5952
9030
9449
8707
5420
3853
8696
6643
8536
7149
327
1129
8991
604
1960
1001
4638
8614
7485
6762
393
7666
9730
5525
5284
8
5410
7905
7611
1473
9928
1263
7391
4790
5719
4058
7151
7049
9338
7512
866
6919
6943
8825
7843
7033
4870
2339
7072
5261
3162
5995
2116
2826
933
8684
6348
5917
5971
7623
5807
4690
5482
4777
7125
4739
4510
7879
6361
1842
7371
87
9932
3587
482
9860
9441
4401
5369
707
5467
2920
7328
7409
3983
139
3227
295
1249
1890
2494
6182
6854
6752
5305
3286
4878
8067
4794
9817
1830
4714
2554
5587
9561
185
5731
8555
8716
8397
6647
9895
4633
7076
528
7491
2061
3360
8639
1538
8125
2533
100
9551
2347
1235
1019
1793
1143
4927
430
2142
9787
9769
1377
8891
7429
4928
4725
4965
5163
4183
1651
3303
1358
8908
7802
169
6279
998
3464
388
4394
5077
746
6759
4033
4576
1563
592
1458
3767
9453
3109
3237
9204
8771
6959
181
6953
3659
2201
1937
1035
2751
1706
5207
7995
1791
8500
1046
2119
7164
3727
1809
3626
1153
4723
1365
3159
3906
7930
294
8311
1903
585
225
2292
899
5088
9958
233
432
2448
5110
8088
6092
8215
1241
2693
7876
2278
3996
4351
7011
2967
321
6935
6329
2011
2831
4381
365
762
7791
5996
5204
9491
8513
1766
1783
3531
4382
137
6380
7895
1961
1866
864
8644
9664
8403
7872
1825
1947
1711
8641
2283
6001
2796
3250
3648
1531
3692
7536
7489
9833
5834
3571
7782
6250
5927
6869
8724
2385
8583
3621
2774
6712
5576
7665
2641
6559
858
7825
9251
9794
3500
5453
254
4787
2365
1038
5951
3315
4783
4925
2408
5529
4299
246
2954
8195
5851
4024
2780
5056
7945
4439
4116
1231
5989
8321
1220
9495
6055
5068
6979
2084
5702
148
3193
5755
4026
5144
7817
2217
8948
3000
7961
475
2018
7275
1112
8507
4386
2824
9364
6756
4904
3914
2266
3706
2608
8446
3499
3150
2874
4346
4066
2108
6351
2594
4018
8837
5532
7515
3234
6860
8934
7860
34
5049
1152
374
5463
8770
4472
6212
4115
9893
108
3061
2512
2950
4229
6499
8585
6710
3062
9011
8515
9238
8791
4727
4184
4469
8786
4673
7599
6332
1395
5444
4065
5824
1434
7929
7329
2632
8683
1574
7449
9809
8945
407
4944
5887
2501
8810
2768
7272
145
4850
8251
6005
7190
1091
4697
3777
5501
4084
7263
4008
7886
8183
9418
7254
595
1394
719
8450
9692
8562
6513
1027
6639
1201
6963
9939
4978
9867
2526
7681
6605
7054
3847
7145
7040
1581
5848
2852
379
1002
3807
2166
9554
7131
781
8728
4541
1368
1252
6957
9791
5343
311
2532
9193
6030
903
7400
9371
6197
3283
9868
7646
7655
5222
3577
5427
2515
961
9606
667
9248
2064
1980
4836
789
610
7534
9267
9229
8886
596
3060
5449
7570
7316
4175
3632
3707
8573
3827
5610
5443
1005
1222
2019
3631
3048
5043
1714
1709
4912
644
4006
3826
4757
9605
698
7602
1513
3348
6314
2987
3347
3793
7242
1999
2519
3145
4191
5351
4552
6992
6269
4345
2207
6798
2360
6208
2817
344
3220
3872
5383
5280
329
5082
7615
9235
5537
2576
1610
2145
7522
6516
782
7567
4140
147
39
6340
9120
9469
9122
2148
6733
1719
8681
4103
8579
7787
6551
3184
6631
2370
6887
7416
8143
8185
7317
5181
2843
3768
569
7109
9586
9797
3233
6626
8150
2956
9188
2819
4227
4134
4591
6462
9387
7039
5945
9696
6922
8333
6289
974
9704
9149
5873
5130
8987
5777
6619
5791
3240
8842
1884
9500
532
4931
1063
9082
4597
8160
8759
7025
9127
4363
2154
4340
2022
5795
405
4708
4083
9498
1080
6521
188
9737
4013
930
6859
6836
1148
6100
7229
8437
4779
3230
4387
1381
3372
6237
2242
6390
9257
2431
4699
4660
5878
7559
2402
4160
4939
5544
6076
9138
5244
5514
7868
2215
9613
710
3055
1353
4603
3187
8144
8871
5870
2567
98
837
6864
2045
7180
7985
8935
1419
7108
4254
7308
7757
6238
3425
8081
9184
8033
9657
8030
6554
2082
7706
3650
362
802
7115
5676
7812
4161
6545
9552
3849
6220
3070
5227
2218
5354
6210
3490
4139
4564
5601
9083
1289
6728
4755
3154
3371
4343
3960
202
359
5570
1324
8737
7873
3781
2697
7695
8715
3661
1920
1789
1217
6057
3825
4436
1567
9693
7679
5673
2369
230
4133
1509
4330
6219
2879
1994
2003
2206
6028
7676
4688
13
5670
6877
5290
2190
8349
303
383
1787
6723
9691
6081
6006
6718
3186
879
9917
4306
5430
1431
3954
6668
9538
1081
4958
1617
3886
8034
3243
2669
6017
3381
6990
4468
1491
9910
8762
7337
45
5127
753
6795
5521
5605
1420
9715
9246
3322
6614
7934
7118
850
312
4463
4333
4981
5773
2275
839
2587
2816
4784
1848
8804
2471
3897
5563
5771
9901
7428
5818
5406
5445
9095
8061
600
7426
466
2970
6596
8412
5033
3557
3866
800
8192
2667
6355
3037
8610
4782
8077
4864
2736
1634
6856
3693
1989
7355
6918
4129
3218
3246
4224
1737
6994
9207
4225
1915
5720
5168
692
1812
6019
7694
4974
8961
3715
8537
8457
8772
3881
9366
2058
3930
5218
9614
2384
4529
1348
9475
3704
2056
5746
2888
472
6359
9503
8471
6317
3536
4242
9929
8740
1835
6806
7010
835
3185
5309
1198
5715
6592
8828
7920
1194
2419
8332
5123
7306
1981
3063
9271
170
5484
179
9669
5174
1189
5588
1387
7939
6213
5738
9914
6034
1939
8833
3158
1102
7370
3069
3091
6504
6841
4365
9096
2984
1168
4846
3478
8157
7889
7871
4804
9106
7070
2338
8666
7361
2749
7975
1777
7216
3654
3991
6981
3380
4956
2172
8736
4953
5734
5660
283
7237
80
2877
6745
4433
5336
3153
8577
7221
3529
5064
9058
3783
7213
9332
8745
7986
2730
7520
6254
4949
1662
2557
102
1111
489
8005
2523
9585
751
1874
343
3451
2792
7161
869
3225
5179
804
1334
2565
7493
1661
8596
5630
8561
242
2577
4302
2892
2081
5363
50
3576
3668
8942
5039
5631
8607
870
5095
7181
7211
1732
2760
3890
2174
1450
3036
1744
8366
7523
8475
2443
7476
3922
1370
904
7976
2684
5159
2550
3266
3904
7582
8794
431
5236
4718
2675
2319
5298
4208
5153
2946
7488
4402
1100
8924
3042
9405
3527
6929
4121
9615
2977
2345
293
847
368
3404
5371
3094
8460
5691
3038
7197
3813
7712
3018
1302
8710
6642
1786
7198
3602
4097
9378
2289
6825
4380
587
3395
6304
4842
9594
6426
6667
7300
4032
1026
3916
152
4492
4290
8702
3700
2748
3675
3548
2596
9900
1316
4679
9951
1700
662
6222
7578
3953
3905
9221
5950
7919
7741
4052
4244
1221
3353
8668
7716
840
555
1516
4076
4776
7443
2617
189
7963
81
9282
747
8001
1646
7959
1906
4754
9622
8869
958
572
9029
3304
1355
3367
8142
7052
6225
5382
1665
5225
777
7794
8236
5877
3895
9390
1948
6784
7946
232
7304
6726
9941
9115
3261
8452
4802
1141
3744
5504
8431
289
7638
3763
2910
3087
1140
5856
6492
3117
3972
1934
8870
8266
7132
7669
4991
7842
5093
4651
527
7680
5396
7066
1870
4937
8858
2981
3040
1584
6782
654
583
2573
5904
9194
6243
503
9427
6711
1106
5061
2769
8646
2281
9438
8256
176
8805
6091
1022
4608
8570
8599
3869
6553
8371
9562
7688
9915
4983
1720
1457
7671
2558
9154
5747
4091
4561
476
6468
3946
7568
5697
4861
9511
1007
5687
607
4521
2518
2701
854
5198
9884
8219
695
6473
3008
8373
5583
4027
8259
9419
929
9424
380
8896
8074
4911
8269
2799
8970
7740
1555
6003
2398
9218
825
6822
89
3365
6108
8652
378
2808
1910
6387
980
4588
6514
7350
48
2728
5112
6897
5101
8936
6775
1371
3908
2410
415
9822
1833
9875
1340
6973
4647
8383
7596
3710
9337
3199
2456
3369
8802
4485
204
8201
5764
6734
8799
1214
8317
1650
2487
1386
8612
518
6398
6010
9228
7558
5036
3382
8238
1871
3466
7709
9686
843
2856
771
9799
8604
5138
1678
2131
4042
6599
8824
8686
4781
545
8989
8223
5760
5230
1778
6682
3525
9150
9377
9971
9340
1727
3753
496
9317
3834
3798
52
639
9385
6501
6570
2658
7996
1907
5216
8635
4611
2647
6662
8315
2225
7552
4635
2220
61
2012
8459
186
8186
7737
7583
8350
5403
1873
1211
1697
1986
5346
2306
7495
6365
5599
5723
9979
8134
6467
8494
9417
5466
6233
9242
517
9404
4721
9750
2452
1800
2837
8727
1790
8091
7298
3820
3054
972
315
6353
7944
7850
6843
8293
2261
957
6187
8637
6681
2991
3749
6694
7858
9514
4545
5935
7704
3209
1497
6459
6401
8839
3387
8243
8720
519
192
8992
2093
1408
795
7494
5405
3351
5413
7956
5229
5595
7398
129
3098
338
8280
8335
4736
9300
9918
7217
3113
7604
3068
2434
7525
6054
455
8095
3337
4046
6223
9948
6882
7393
708
4110
7044
5970
9484
9855
2609
857
5034
7195
5788
7834
8756
6205
3467
7425
8847
5745
3472
9675
9937
5770
6121
6761
167
5012
7703
2320
7482
8576
5627
905
5810
3105
7348
4430
9408
5666
4338
2361
9039
5638
9273
3873
8084
7738
9233
2690
867
973
5277
9992
8883
6866
435
1775
6372
8688
7178
4701
3377
2597
101
5487
9362
1818
7960
3665
8975
6581
9444
2155
7259
210
6256
3003
724
6172
3724
8110
9480
2311
443
5960
2766
9001
7720
8025
72
7682
4388
5374
9925
5761
1305
7099
470
1446
2881
4447
8874
2053
5202
5531
6861
8117
3232
4568
2015
9985
1599
7691
3610
4266
1089
6675
2695
5334
1116
5360
7852
7949
7504
4095
348
7225
2755
3852
2235
4477
4178
4934
5612
9400
2333
9733
2723
7172
6344
1478
5438
2346
330
5694
18
4957
5855
565
9668
8901
4451
5063
2959
1564
205
6414
4025
8586
4585
4109
9153
446
334
4019
4449
4614
8008
451
2037
881
341
1544
4544
2052
2999
5454
5913
9169
7811
7302
473
4962
107
1275
6702
2979
5416
6050
7365
859
4417
7761
4619
2032
6052
9747
2552
932
3455
900
7774
7408
2585
7532
8676
5002
2607
1624
1608
9921
8231
4117
3756
5919
331
135
4815
593
9325
2895
2293
6939
2505
8859
1991
417
2841
8967
1517
8957
4017
919
4502
2934
9516
1593
3552
8175
8040
1051
726
1924
7670
1268
3340
7104
3473
4119
3130
2555
8114
7343
902
9818
6488
3191
940
6788
3513
4863
2680
3879
82
6770
1299
2047
3933
810
3776
3673
4274
775
4016
6026
1055
4200
7312
6472
6727
3616
5591
4326
3320
5184
8725
678
6285
7499
4241
5695
8279
3759
2111
1266
7252
5385
8517
2673
2605
2846
6487
6396
2014
6490
5526
2128
8921
2867
5657
7518
3932
5392
9997
4316
5548
9468
5333
2876
7981
8402
2085
3292
9609
5046
2902
6175
616
3539
1992
2531
7424
6808
4421
4062
1689
1935
1530
6293
4695
9033
5775
2065
3445
6425
9226
1845
3022
1133
1721
5849
936
2938
8753
4373
6253
9922
3982
231
8941
3188
5714
2945
1674
5558
9740
6323
2248
1748
3135
7239
7982
3588
1562
6305
5071
5959
2391
5975
6481
4207
4412
280
9435
4004
8751
5740
2891
8506
3125
2342
5505
60
2968
5984
7728
3432
7753
7202
7284
9771
7233
2185
9682
4329
8876
2328
6606
7323
9926
5741
8180
6597
4354
6302
5517
6873
3067
3160
7227
6478
1159
175
6300
7372
6164
8145
4575
4579
5060
1614
3148
3121
4663
887
8170
9101
5440
2955
6696
447
4493
4068
8627
1896
4162
8984
6041
6179
8148
7243
8177
571
3620
8917
1298
2454
9973
3296
6436
3711
5774
6292
6803
2911
6307
6216
3837
9472
6510
6211
1474
2561
4272
9996
4366
8695
8505
5892
2790
5813
9028
703
310
5200
9440
5142
3949
1040
1877
680
6693
4756
3437
1691
1781
3157
7086
2460
9361
2708
2243
7969
4226
2234
7667
5620
3985
5389
5765
9756
5302
4399
5341
6412
1782
3788
8487
7238
6997
3676
4179
7697
5146
9967
712
4835
2875
1919
4240
2495
8489
8254
3939
6456
6862
7899
6698
8784
1523
1537
4310
5357
5590
9578
9391
2592
1196
7290
5879
9634
6148
8413
462
6852
5329
5801
1322
9577
5973
7403
486
8190
3293
445
1447
2627
4245
474
6274
497
7277
7279
2315
6418
3074
6625
5210
6341
9774
8717
8079
6109
9760
1165
9100
8411
9982
1879
4982
396
4826
3938
6381
4217
4513
1253
9215
6176
9616
213
6987
3655
3222
1883
6184
3682
2245
7877
6101
183
8379
3169
110
8545
563
2904
5361
1585
8698
399
7437
2692
317
5047
9392
7154
912
9981
2407
5938
987
4396
3520
7835
4043
7413
6632
3714
521
8069
4814
5880
8880
5139
2068
1526
2103
5900
6118
5149
6966
1968
6146
5542
1236
7653
2812
6983
4321
7193
5926
7023
9712
3812
2975
6584
6474
1931
582
9384
8944
1510
3725
2329
8980
5513
5418
5556
9022
433
9214
6068
2151
2882
7478
358
8741
3302
9845
1151
6580
9078
5497
5322
8104
1156
2327
3056
9163
4668
648
6120
459
5560
1264
7864
6339
4350
7678
7199
5359
3373
4733
9200
622
324
8569
1054
6104
792
4972
3484
5500
1436
3115
6648
4753
7755
8852
4450
8166
1726
6552
5648
3485
8418
6713
47
9646
2699
266
440
9888
6105
3967
4618
6044
6074
4921
1160
1392
5011
7283
8375
9993
4527
24
4763
1559
626
892
8567
6392
5180
4712
2588
2506
9131
6849
3213
4903
7324
9876
1398
4442
533
3383
4558
7648
6932
5584
9757
7411
7469
3596
682
4315
4572
8300
3182
6347
3515
9105
3734
2781
171
5477
7014
999
4590
5854
5661
8073
4273
4314
2572
3025
1255
2109
2463
1352
7438
6479
4105
2133
5617
3880
6848
6980
2886
1018
6785
7055
1251
1611
3144
1814
4443
7625
5503
6084
177
6547
6758
4385
2184
3136
5679
5208
7948
2731
1256
2359
3110
979
5954
5078
3011
7752
6466
7957
3925
7247
3202
780
6729
2271
1
5072
1663
820
1657
8038
5553
3151
7074
4263
9270
4482
1097
5355
9326
2423
3126
9678
4168
349
3208
6201
2614
9479
4237
3603
664
4258
9894
7762
3899
8605
5242
6446
1261
6298
7605
9168
7460
3155
7548
603
9137
794
7856
2823
9553
4460
6832
7629
6874
6830
7634
4239
1740
5645
7007
2786
9333
4202
2254
7051
4070
4303
1283
2873
7236
2467
5739
9548
1797
4811
4171
7264
7847
7759
3242
7215
1806
444
2718
7153
6409
6809
8047
5579
7261
7547
8065
8297
1629
386
4891
5651
6430
8651
2745
4915
7381
509
2859
683
2221
5386
5621
6908
1857
1641
8504
377
1872
8904
6384
7079
1805
6955
5048
1356
6577
9186
4368
159
7992
7468
1410
3077
8331
1893
1285
151
763
1084
8959
1460
2099
4503
1625
679
1137
6684
26
4222
9059
2544
2545
8868
1421
562
4045
132
2450
8043
9004
3559
7346
2971
7731
6493
9350
7359
7280
6704
2006
8521
7966
5561
16
9437
2815
7386
985
627
3606
3685
1287
7384
2943
235
7472
7173
2610
9701
1085
4950
9983
3599
9907
6251
7524
7735
4470
4107
7715
4384
4143
3805
2818
8675
6649
877
3957
9950
8323
5373
2566
2598
2855
4905
768
2887
8046
8809
3483
1891
7925
4353
4163
9247
8301
3806
4530
9140
6708
111
51
8164
3911
605
889
1321
5287
3444
1535
2767
2214
5473
3716
1134
8240
7557
6838
5319
6394
7538
1429
2376
2428
4108
4304
5946
927
7734
9636
6629
4785
9501
590
4188
8346
9234
8670
1579
2427
4580
9990
1227
7226
5004
6725
7322
4336
9559
83
6037
5882
6938
1083
6399
7018
8037
5905
5094
8640
9050
5324
7296
5126
9049
1258
9751
7271
4595
3858
6056
3796
2464
6814
9195
1070
3137
8202
4028
5495
6964
2520
3542
2538
4758
5861
1095
3107
8714
7024
6149
9897
8878
6141
9308
809
471
7220
4500
9330
6489
939
2257
381
1205
6543
1685
1522
1957
2849
5930
506
1020
2069
2657
7157
798
9102
5315
4767
4174
8422
6515
9090
1337
313
8059
424
7435
5151
5979
5863
1759
2017
8020
1064
2044
2640
6999
4248
5212
7407
3772
6913
4120
5615
3687
9530
2603
3421
271
4410
8163
4622
8780
2907
9652
1349
8211
15
7587
8887
959
9069
1521
8774
1364
31
8955
2847
3041
375
3803
901
880
2134
4600
442
1203
5717
5143
1568
1943
7480
6239
7964
2300
3981
1065
8184
4102
1417
261
5167
3446
8303
4085
1010
1050
150
1294
2811
7754
3728
9483
6180
4151
3862
6941
4886
4551
2662
9155
6661
6624
2121
1369
2046
5391
3622
8197
5726
9986
64
7675
1938
9060
6378
7234
817
3364
2568
2117
6422
2628
8527
7021
6181
6099
8722
4634
3201
2076
2829
5510
8103
1271
4072
7544
2620
1098
9146
3565
9160
3726
504
4778
2880
2038
4166
3035
6160
4577
214
6139
6811
12
2253
934
6571
4422
522
8218
2711
3642
1602
79
1279
6214
9685
7698
6714
7880
8449
3736
7446
7442
863
8638
3023
5906
6040
928
4087
1613
2123
7892
6650
258
3163
3828
8320
316
5931
1828
319
6126
3391
9175
9808
4403
4020
8390
807
6534
8016
222
7724
7068
964
3428
8159
3401
9754
5653
1332
5458
9409
1525
9521
8705
2896
1659
5569
3885
1557
9720
3595
270
3948
3119
9507
8554
8663
1200
617
6815
4812
7249
3138
4998
7733
9670
2779
5922
2737
3276
9513
7904
2965
9298
9846
3228
4705
9000
4009
8689
7658
4327
3013
6282
6025
469
1114
2599
5220
6616
5201
4074
3118
6892
8064
6652
7083
4423
174
7374
5340
5820
9089
3477
6689
7169
3026
3095
1998
9753
8518
6249
3268
9731
9819
1277
7862
8850
2645
6491
9871
4525
8105
2649
2905
2678
9266
2579
4834
3589
3461
371
3354
4126
8645
2827
6961
4289
8978
548
3701
7809
7801
2203
3249
4769
33
6170
3336
7506
1840
1660
3518
9936
9191
6158
9394
1502
2762
3747
3457
8657
3822
7652
4997
5947
9839
8401
8249
2481
3288
7881
7421
140
3703
1632
7177
7327
8035
2231
9119
4419
212
9732
224
5943
8365
3504
6309
6747
9104
4040
7281
3978
8004
229
2388
1666
414
8972
3028
7517
3452
9945
5100
4840
4206
5342
9099
9520
376
6635
8435
8228
1547
4499
2498
766
1117
4876
2913
5356
216
4855
3664
4484
6907
4686
6583
6224
9407
1927
3792
6012
9464
2973
9545
3170
8247
8466
9289
4610
6851
7059
4569
5910
4919
5974
6413
3863
4547
2267
8334
4897
5613
4902
4629
4015
5805
9779
6842
2200
248
5393
1485
3219
1955
6607
8962
5414
9428
2883
620
8524
9395
8458
8497
4531
6198
305
3613
5981
8467
6793
1635
2094
3402
423
602
6789
7736
6637
5756
4728
7141
7529
2845
7555
5164
5050
5479
7808
2269
4719
9415
9764
8168
2282
5819
7081
449
2652
9946
6124
2393
5724
7303
945
1072
8793
4865
690
3943
3521
5987
3966
9861
1638
7745
5708
2492
8116
333
2903
7838
711
6498
5784
5248
1573
5422
7631
725
2611
7065
3416
1639
1993
8126
7654
8324
8213
826
5345
4640
1540
8326
769
7461
1119
9689
3625
7660
7771
6235
1500
5054
7441
7955
4261
2758
9824
8007
6441
6071
1490
5326
9727
413
6303
651
9210
1164
3841
2535
1126
5769
2095
6701
9111
1645
3426
4872
6674
8540
4907
8999
2326
7885
1003
9063
8773
9962
2894
5949
37
4427
6031
7013
9628
4111
8788
7037
976
6324
2135
4644
4659
9085
8454
1025
6598
9603
58
3782
7915
2704
259
3581
1328
5203
3558
9141
8690
9225
4994
8516
9117
6049
8054
3447
5837
4975
2691
2237
157
1029
2854
8205
2102
860
4280
3681
1897
7659
5283
8655
1642
3501
9081
6755
5683
2670
3955
7630
5547
9360
5939
6863
6046
35
9329
2553
875
3824
5338
6827
6043
1596
6115
7744
2380
9783
223
9297
8090
6706
7974
3287
1765
6893
2717
2510
2915
9133
2072
9170
5647
7861
2451
5535
5378
1073
7932
576
8263
7772
5962
9755
5581
8058
6914
9886
4837
4331
4800
6389
6350
1082
8542
3789
511
196
4853
7167
6080
4669
3277
5399
9180
419
7471
8729
6248
3089
9015
4895
574
6520
1609
8529
5762
4180
9683
6871
9581
7597
3194
6618
6127
2107
4954
6989
7594
2400
7585
8217
2500
4375
9161
2141
7821
9780
4294
8965
1127
4204
425
5300
3941
9143
6277
4466
1238
9639
252
128
5523
5543
3844
3761
9189
3750
5469
9454
9955
1021
4849
9374
9182
2459
4358
8969
731
9313
4269
4770
3399
749
5038
4420
5992
5408
7519
734
8260
1259
5243
3638
665
8347
3123
5844
5977
5884
2962
1210
9056
7270
783
2222
9814
456
4339
1393
9504
2392
1990
4926
4039
7779
6345
6736
1752
7354
7103
5055
2077
894
8807
4005
5087
7286
9322
5596
1312
8611
8173
2449
7048
307
9522
5982
6818
2299
4537
6946
9471
2440
5335
4627
418
7092
2866
7191
5191
9268
8165
7133
5978
8378
9312
5379
9960
8019
2828
7569
7575
2078
1193
5506
2208
104
9345
2367
9261
4671
8302
573
3396
1580
8485
701
5592
5370
3892
3221
7399
3142
115
8062
9524
8836
267
6846
3251
3001
195
2858
1514
7954
4007
8013
4170
742
3510
9980
9130
8372
7124
4841
4106
6569
2936
2623
3178
322
5273
5722
1177
4063
5921
8711
6135
4446
8336
1136
9637
2097
6928
1652
5452
9066
1178
9890
852
5799
492
9778
1216
8167
594
4743
2403
1058
9136
1265
1330
9798
672
3583
7832
3361
173
2522
3509
3970
1479
1533
7577
8361
6072
5424
4435
3795
1373
7050
5836
1762
8590
9883
8355
4481
4643
1288
3407
6246
1103
7979
526
5052
8633
2721
6125
5737
4674
8244
8404
38
1347
2686
5303
1498
8021
4049
5136
5233
6564
420
7436
564
6876
3968
8815
1435
9703
4726
6406
3920
8239
3784
9767
916
208
6295
2473
7550
4799
501
6306
1270
2772
9792
1278
8950
5006
7563
3307
2124
865
1640
285
2951
8161
3646
9447
8629
3910
779
2008
1499
2026
4376
2502
238
9463
3308
3535
5732
3942
239
8835
4682
7621
9132
7614
8210
5802
9813
1009
4291
2528
7664
9725
4155
7000
2644
8598
6826
9334
7122
6168
524
3611
7138
1272
7693
9031
3180
184
2814
3392
1467
8943
465
3479
8929
7203
5811
2958
3817
9584
66
1904
9088
6161
4198
7983
262
8739
7340
6064
1260
4075
1739
7331
6090
7116
6582
1776
5476
2378
735
2104
2504
8337
9064
4882
6824
1327
3860
9094
531
2600
9643
773
5608
2321
5089
7123
9648
9077
247
2334
6130
9763
8119
8687
5616
8636
1612
3450
2944
2625
5456
6641
9906
8747
6449
2580
6452
3072
484
6965
4946
8138
7639
8304
1079
7815
7632
3474
1118
325
2330
983
6313
1142
3
361
3779
2279
5881
5398
3547
8581
3176
4683
7687
241
9263
1653
5096
9938
502
6891
9073
5404
7883
9217
1594
78
1233
1296
8979
9152
3640
8964
6651
4514
1692
8464
3405
6113
1549
4475
8429
2696
9336
2897
8076
2499
9927
4425
9766
6865
6244
4406
5394
3002
3945
3913
6015
4370
4592
274
9314
6779
3052
5886
8473
8461
776
5442
9821
3439
2112
3762
8885
9856
7292
1620
9181
6900
5272
3487
2715
9013
8860
7588
8400
1462
3801
226
4774
9198
4360
9177
6634
9389
694
7235
4275
3044
6062
4312
997
8719
5937
7127
7508
1281
6889
9694
3765
7455
9192
6787
8433
1949
9211
8132
9942
3326
7792
70
6117
3386
2354
9788
7513
4768
6273
5551
4300
5285
3598
7574
5664
3112
1507
8830
1977
3210
6486
5744
9296
3530
7353
8589
7479
4843
1192
8272
8465
8451
2483
3723
7786
7110
7301
8267
3720
4305
9859
7941
436
3999
5968
2961
5993
4908
260
2511
8136
3339
4920
8351
6110
3888
4458
515
2677
2140
4791
468
941
3183
5349
619
1702
9443
2161
9084
7187
5190
3285
5475
3821
6602
3878
2063
5312
5276
3947
2509
5710
8761
2042
5266
7640
4549
3422
3278
8900
9909
1865
7451
7456
3146
5994
946
1902
326
6608
8557
1101
3855
7776
7427
796
656
9457
6760
5533
1946
4678
7017
6288
6021
7240
3579
4913
6132
3634
5896
9416
4977
9126
9671
5580
5624
4752
1250
3629
8359
938
3053
9285
8216
8514
4086
5241
4371
7120
4048
9324
2486
4348
5372
6437
9706
6226
9162
7918
2007
9598
4632
8544
9988
1844
4035
8226
5380
8246
2833
3585
1730
4664
6231
7276
1985
6879
7592
2633
3809
1524
2066
6503
7601
2569
9112
5858
8204
7459
3333
5295
345
4137
9596
7760
7500
3526
4395
55
2732
3511
6042
6393
9711
6189
5684
1376
3051
6290
4080
3406
2918
3443
1453
4938
7784
3739
6106
9286
9158
5790
1916
9010
4073
6151
1008
2091
661
3412
4357
1729
463
49
7917
2239
3702
5133
2089
3635
4988
6157
5189
6774
9164
886
9288
8525
8685
1548
4056
2086
2406
8797
8388
8377
7053
2698
3656
7156
4788
8952
6133
1476
8795
1169
1226
4765
924
1099
1921
3345
160
6230
434
2754
7484
6807
6971
5058
9825
3491
7064
4539
306
9076
7430
400
8480
4311
9662
7668
5213
544
558
9413
9074
3079
4416
3601
7677
10
2778
9109
2689
412
7144
5672
9726
613
4334
391
2025
5217
6240
6278
7022
6937
7816
2426
7612
567
1174
6286
8299
3156
8463
464
4055
9342
1331
4702
6732
490
9321
786
9534
8395
4516
6790
5633
5447
6482
2713
6828
9489
882
2048
2807
2642
6924
832
6671
3264
8078
1006
8840
2848
2458
9359
7143
9618
5841
1693
9966
9256
3935
5299
2788
3239
290
8812
8396
5465
8971
6458
7179
772
917
2705
6259
586
2101
4942
3004
9956
2169
5471
9944
7228
6813
803
4809
3256
6048
3615
7584
4935
1930
9853
1649
9923
6257
733
8155
4486
1120
5128
947
6940
9519
9645
2801
281
5426
9829
3312
6395
1475
8098
4317
7943
3241
624
9998
736
3318
5311
9382
8632
3773
9185
4474
1810
2209
7433
6586
2771
5832
8854
3790
1121
743
7473
715
4704
4560
6548
7651
1756
4177
834
1291
2466
5988
1411
5894
6885
9178
3961
3643
2556
2083
4128
2710
5106
4511
3492
7111
6757
8926
1045
1407
8914
8339
8930
7699
7539
4677
1821
9679
8000
4698
7616
8092
7906
7859
1556
3084
1401
2029
520
7095
7405
8172
1413
3931
5325
9802
5934
3503
4661
1213
392
9970
6509
8491
693
5658
1182
1077
635
2256
4440
5059
9341
9142
6207
9351
8782
5224
2178
6835
7394
1000
8313
6247
4892
5845
4709
1044
3787
6538
7440
5145
1780
9556
3811
2437
2070
3189
6655
5024
9713
5131
4210
6720
981
2120
491
8468
2727
2912
9239
300
8559
637
8708
9381
8995
2308
5674
2629
5141
5291
9129
9676
4793
9310
3059
7390
1184
8682
4130
1554
7535
9761
8227
2551
6561
6950
6567
6097
633
5646
1755
1713
4014
2252
3494
4457
8182
5171
5586
3358
7267
8933
649
8873
1882
4113
6047
6338
6143
7684
8988
853
2998
2688
3270
9486
5253
2230
2563
8498
8749
4369
1033
1234
9402
5364
718
6833
494
4464
6457
9368
4101
8055
3830
5122
8106
43
7998
8723
5793
9840
676
9542
6518
5104
1034
5377
4281
2219
4948
6114
9304
9355
9772
1520
1297
6978
116
7397
2199
7870
2529
5065
5053
8152
1925
1561
7714
8220
7561
3936
323
6460
4276
7192
1295
7581
5192
5696
3816
9445
745
8492
1067
9708
2683
6730
7061
3481
4667
1667
634
2546
1202
91
785
6949
9729
2744
1230
1306
4054
2382
4152
9026
4164
4448
3482
1430
970
4716
282
4930
8481
9240
9450
2917
568
5016
6735
5668
5779
3533
7770
1976
7318
9882
7071
1162
403
523
5859
6405
113
8512
296
7839
2375
5015
1282
6627
5252
8893
8193
2661
3297
1036
969
2850
3712
7896
2341
8578
8171
8523
8927
9107
7462
106
6769
8718
9635
153
5269
1917
3346
5809
3561
2229
8530
3263
3975
1049
2074
2885
9068
9834
6669
4805
7686
3708
7767
2160
6162
7556
6645
3424
836
2753
575
4656
1945
4205
4681
5195
7803
6767
1086
9580
6370
9499
8510
566
9506
4061
9688
5895
5826
4773
7662
3254
314
4620
581
6595
3903
8398
6719
9054
1826
6312
1494
1984
2157
6562
3963
7266
3800
9097
4879
2740
3666
8045
4324
2813
6670
1149
6539
9091
3114
2870
705
5816
3415
6069
3570
5948
4383
2857
4332
9254
5890
9949
9370
9425
2570
6925
4452
4896
9460
5903
7148
4795
4092
6578
2982
4189
3630
5729
2366
1708
7362
7481
8344
1529
4496
1384
6485
6272
5
5609
6174
9455
6463
5313
2926
4223
6326
7931
3628
4199
4506
4246
7972
4943
4623
513
9728
7790
5866
8572
2468
4987
2228
1621
9493
8508
6895
9393
9171
9414
2990
7458
7690
85
6434
3987
9539
3083
5682
4298
966
7620
2928
9466
6611
2394
6258
272
1804
3356
5226
2797
6032
1155
178
8028
1673
7865
2889
713
1343
8363
3927
9512
2236
3273
1307
1030
5196
5148
211
3850
4862
5339
427
3600
2773
1753
5652
5286
8650
9569
3592
9187
962
1361
5493
2681
1125
8443
9965
1262
2974
5031
758
1492
4646
4914
4851
1135
9292
5700
3280
1449
8827
6976
5489
6630
8910
611
6800
8325
3541
4573
9057
138
3846
3731
3645
352
4710
3959
1146
6173
9705
9775
5316
5457
8985
2923
2295
7057
5678
373
8706
8434
2170
2942
9588
99
3147
516
8671
507
2075
1057
3514
9476
357
8093
298
8070
944
7364
8307
539
7209
3605
3431
8563
1440
1438
4657
911
3775
7887
7836
439
799
8305
1712
7402
8405
5188
1115
6527
5847
8214
2517
7003
6188
149
1566
7454
7758
3874
3823
8151
5936
5681
6440
7352
2800
2356
7140
1647
3235
9805
4349
2782
4540
638
2547
3864
6419
2687
7162
6805
8867
1493
4328
337
7069
1978
7009
5829
2490
8417
4883
2664
756
2310
9908
4508
1967
485
1539
2739
7338
4034
284
6905
2872
1591
6783
1682
3859
9528
5238
2899
8129
5073
4751
8732
1834
4512
9123
7846
6077
5390
8861
5690
2105
8730
5628
1383
7891
8777
3758
7804
8298
2784
915
5166
287
4397
163
5289
1219
7609
8421
9541
6262
1267
7315
5754
6991
5105
8968
5692
5969
6909
9036
5260
3658
109
8353
3508
8224
2156
1191
7785
5206
7562
2795
9231
4877
6716
7696
6912
608
4724
353
2476
7444
4001
3594
4810
2612
7607
8649
7219
5735
277
8432
5796
895
29
2355
541
4010
7589
1996
7541
7208
3282
609
9781
1342
9331
1396
4488
6579
5965
2497
7107
5742
4970
4476
6423
7897
7622
3448
3791
5353
3976
8153
7628
580
6936
5574
9166
4830
1124
1909
4734
6817
6837
1163
2250
5730
6975
3883
5814
5308
6872
6998
6870
5554
1770
2265
6881
5117
5337
578
4057
3029
6000
3840
920
937
6962
1913
5429
19
3977
3435
9862
4378
818
5780
3078
6508
1428
4894
8674
3306
8399
461
9674
8829
8703
3743
103
6163
7511
2834
1092
3678
182
9352
8509
8892
8776
4059
4936
4766
612
1637
2752
584
2884
5029
5027
5912
554
4641
57
6065
8042
1605
6287
6178
2869
4456
3192
5718
8376
2457
2447
9165
6016
4230
7673
1578
9746
9724
7756
6802
5019
3341
2593
5593
3390
601
1541
631
1508
4828
3031
1843
2976
6746
5957
4029
8615
8846
5961
6433
2787
9055
6035
4
8560
1172
6234
3719
9461
5017
350
7593
4534
4192
6177
6011
9878
1043
6227
1239
369
6593
8653
9972
3295
975
6171
2861
3652
9881
2948
8704
3248
2035
5103
9555
6644
7097
1061
3442
845
1048
6738
1633
5783
3667
1676
3314
3990
275
1550
6325
5098
2004
2397
9597
3212
8909
9018
5920
1690
1284
2865
3316
8408
1869
8832
9302
8188
8766
4556
4845
8619
9213
7994
5433
1318
5792
8550
2485
6007
2822
5021
510
7644
9699
6546
828
8187
7824
8056
7643
5037
9116
9467
9765
9183
8097
2706
3300
9641
9379
2152
5000
8664
4693
2508
7965
922
3786
429
7814
3865
9281
8199
9626
6901
5468
7201
7788
1107
1769
3090
5251
1749
8381
5366
8470
9294
9872
7204
1088
8845
8003
1728
1850
3206
7091
5499
4372
3614
6601
9062
4553
5080
6566
8319
5557
9354
9020
3497
2712
1838
7062
4587
1982
3124
2039
9206
6557
5663
965
3181
6375
6791
5013
1286
561
5114
7325
8658
7840
5434
2110
8486
5706
2241
4596
7854
3274
8123
3122
942
4750
1586
8109
257
9278
1792
1886
1655
6921
4959
7560
907
1941
4428
7826
3680
7769
9858
2258
5662
5808
1060
1441
9358
1654
6217
1465
6563
2901
7496
9575
3580
7447
6036
2227
3572
8938
4654
4922
4455
7718
9264
8996
2247
6699
3143
4607
8990
5872
454
7962
2940
4562
7627
7618
3317
2835
9525
3973
9237
9274
6103
9017
5933
4187
9209
6296
309
7722
7533
4976
3475
1677
3403
7029
765
8848
6229
8444
9406
207
7702
2933
5279
3236
7910
7470
2482
720
4888
4703
8285
8369
8851
1487
1571
8493
1933
8628
5472
8531
5876
2344
546
2562
2659
994
5415
7378
9003
2559
8130
3311
8115
200
9843
3438
9265
5669
2176
8882
7214
6617
3751
3097
1710
872
5743
9567
1880
8591
351
3829
6816
9961
2212
5084
955
7477
6664
7289
2191
8225
9550
6707
6638
2663
2009
172
2204
684
118
9067
1953
8424
2439
8731
8060
4940
125
5862
1208
452
5304
2316
6847
6523
7909
8532
8162
9583
7833
6442
3639
4195
1820
1892
8925
3106
5332
308
2613
8764
4392
1459
3305
4748
7152
3344
7106
8889
1482
1154
6850
7422
8856
5867
7766
5270
9290
8342
7016
6844
4873
2820
2761
3688
1218
9458
7989
1837
6526
883
3608
131
1225
8556
4478
4069
1375
4574
3362
9396
7183
5003
1187
9995
8808
7001
6144
9047
7869
8551
8049
3058
1274
3456
4550
8420
3352
7282
5707
219
8101
2994
7723
6358
9316
7573
2180
8316
6051
6283
154
2340
4038
1400
7241
7357
8149
6009
6136
14
6858
7075
6439
6215
4347
3075
9716
3245
871
7376
4390
6435
4409
630
4167
2932
5704
967
477
1658
4899
190
6886
7805
2251
7540
136
8441
5376
953
8535
4917
4923
7935
8765
1257
7968
5550
8541
8501
4247
8352
9933
8620
9401
6328
9422
6623
3076
8843
8273
787
299
166
8865
8616
8694
628
9373
155
1175
1171
2803
2168
7379
2277
9462
9311
4323
40
7710
3469
7991
4844
9642
6875
2150
4827
5041
8191
6840
6070
960
3546
7549
8595
4820
8800
84
9807
2840
7093
3379
6512
3810
8966
1423
2720
1455
8763
6020
8621
5618
8241
9421
5022
5659
9920
2666
1588
2630
5214
9734
778
1911
2838
2639
6404
1681
9698
5527
7748
346
6853
2317
7431
1598
4377
3989
1545
6343
4536
1771
7230
8844
2313
542
5675
4535
9815
3649
4186
5030
53
7028
6986
237
4251
8146
5119
3737
5301
4694
3149
301
4910
6299
8912
1308
2939
8953
5183
3562
2036
4301
4616
9227
5397
873
6995
3139
1031
8423
9436
2413
1536
3926
8122
2868
6765
891
925
3718
23
824
8348
653
9793
8913
8503
370
6385
5137
1335
5985
7004
4707
8387
9851
2309
1750
1319
4176
4465
9533
5107
7165
8394
3891
3177
3871
2983
9576
5875
6264
3814
9019
2637
6536
7729
5709
7360
8539
8425
9659
9035
8306
9253
7184
3498
1406
4157
6942
1901
3921
7420
2524
5310
2000
5693
5907
4798
7650
141
7830
3429
4963
1816
4747
4737
194
3197
5274
5081
814
9232
1186
716
1926
2949
5314
3907
7185
7332
1723
4960
3971
893
5923
3449
1644
220
3912
3671
1243
8063
9280
8746
4220
2240
5097
3898
805
5485
4309
5451
6715
6475
1068
6140
9380
9695
3738
4051
6451
6228
7777
4628
2660
9782
5165
5124
3413
9607
5268
318
3205
2791
7689
1701
6060
5271
4762
2331
1433
1209
1858
4933
123
739
7750
9008
5090
9043
6565
4214
8709
7389
1385
8857
9430
9148
5759
7916
8742
7297
9721
4730
1863
5716
6500
2192
8234
1074
8022
7907
2937
450
9795
8511
5368
3619
3843
2350
2424
8137
5121
3669
7783
2656
7
4287
5412
4523
8271
2714
6969
8482
4658
7121
1942
6039
4418
7551
7807
868
3940
6679
1889
7032
2420
5944
9828
2322
2549
8821
6764
4490
2390
3253
4808
9459
3760
9016
255
4041
3568
3385
3086
6252
2159
6242
273
9964
9790
9857
2001
2349
7373
6823
2986
3653
7139
896
1754
5113
7516
2073
1512
398
3962
8258
8367
730
355
4400
5257
9687
7098
9777
168
8877
3127
5515
3027
2421
8051
3929
92
1815
7382
234
4494
7388
7537
2175
2314
1975
1807
9629
5629
8553
6754
5677
3463
7857
7117
2491
5603
460
706
704
5132
8642
9219
409
1734
3633
5172
2171
8552
5491
6142
5853
1603
2618
8905
3129
7637
8257
3647
1741
256
3486
7543
4979
7432
8477
9529
8291
2916
9307
6371
3260
8380
1885
2929
9038
9284
2783
6923
4100
1166
367
9912
9572
986
3923
1325
8292
5086
4885
1601
640
9608
3226
8888
6033
9796
5116
8973
9595
4898
6337
1680
1422
6366
4670
6985
4265
1110
3755
2276
5155
3690
5644
9496
2416
4786
5649
6196
3343
1606
1017
126
5518
1443
9735
9353
9412
2802
8242
59
4322
6944
8981
9827
1506
2138
2624
9258
4856
2742
1199
3039
7253
1534
1675
6356
4995
4031
7863
1671
297
9959
5619
5559
7419
738
2379
8806
5018
3171
8879
793
5772
4951
5598
9540
9517
8564
6894
7465
9327
8328
9810
8680
3207
2147
6379
8721
7730
2650
2033
1069
3854
759
7273
244
5435
4132
4344
5776
9156
890
133
3330
2324
7406
7884
1733
5402
9518
5654
7890
8838
4720
643
9680
7166
1592
9046
8340
1354
4218
2702
5070
525
7553
7663
5488
5546
5698
618
8712
1313
9072
3200
4971
7501
8679
8048
2323
1587
861
963
2412
7170
5259
1013
7483
1323
3774
9916
8890
9386
7908
9346
5846
6373
4546
1725
8044
4124
6450
5986
5375
481
5331
1575
9061
2622
2213
8439
8406
8986
7619
5641
9831
556
6685
2921
2925
2679
6673
4142
1971
8922
6004
88
9770
4172
8915
6620
1161
3851
2432
1802
3459
6291
9592
4744
7295
7987
6517
1852
8820
801
6739
4639
822
4235
9301
1824
1672
1560
9835
93
5924
767
2193
7205
5804
3835
3298
2196
2198
9617
408
7142
5689
7045
8738
723
4213
3877
3338
2405
5258
9372
8362
9040
1582
1488
8735
4606
4355
9801
4715
537
7418
5728
4713
3496
7102
8295
8479
7810
1131
4003
3730
2578
6988
2164
2741
1468
4548
4741
7189
9738
2249
3271
4775
2676
8428
8954
5173
6778
4852
5176
4583
642
3679
2043
7134
3389
9262
2963
7334
2631
9410
9651
5725
2996
4901
6453
993
8194
1391
8608
6310
5555
5639
1464
8699
808
4522
8382
6609
9566
6383
992
9816
1836
7175
7818
2098
8872
4487
9841
9660
1565
5099
3267
3516
6429
4964
1861
5294
4150
2399
4722
9482
90
6186
6206
1856
978
390
2259
6537
4813
2810
1039
3555
8154
3857
180
4955
3867
6199
5186
5585
3257
3198
8697
2527
4672
4424
3612
9269
6428
1764
146
3769
6812
7980
7898
4824
4637
5640
8613
9481
1736
3746
6470
8634
5460
9202
7545
9203
7746
1963
2513
3524
3672
2809
4624
3427
4308
774
2288
6532
3988
1796
6666
4122
1360
3066
6855
1442
5118
3584
5187
6741
3663
7026
6933
1956
4973
6152
9887
9197
5069
5384
9442
552
3697
1841
9124
9151
4415
1301
6984
6691
3794
9848
249
5490
686
5352
9485
4404
1944
1113
3553
4158
8207
4190
1950
7176
6192
7763
4807
4589
5275
9024
9865
2016
6996
5778
9470
1817
9589
6111
9673
7114
6102
7875
7713
4185
2357
3331
9205
4869
9940
1023
1425
9012
9295
7163
9653
8014
8086
6724
2129
8426
5401
9344
8963
6232
6958
2765
7521
540
673
5530
7624
3045
7912
1604
3174
5237
6112
9509
3417
691
7453
3024
2931
6445
5786
1758
3523
3550
7626
4992
9885
1167
7844
2825
3752
7356
5733
3397
632
7349
4717
1382
6898
9
304
3733
9423
4146
2040
3566
1827
2318
5594
4685
1988
7586
2294
5636
9877
9222
4094
4604
4700
6116
1004
9190
7335
5028
5062
7255
1576
9356
6683
6388
2273
1501
4789
3493
7368
7967
1899
2909
5161
8787
4738
4260
1774
3604
8462
6107
4819
9172
5156
8120
4857
3591
6951
614
3476
5748
2978
8603
8448
7685
8781
2050
7244
7077
7345
3152
7554
6308
4990
7358
3165
8495
3896
5025
5998
7764
7082
3465
876
2312
8898
9034
8549
1405
1959
7088
5750
3717
3190
1696
6265
2284
5109
3433
5893
5293
2591
855
7042
6483
4293
5749
6700
2735
6098
8209
1480
7717
4630
328
9369
1292
8677
2422
1751
2993
3683
8012
5955
5667
5991
5509
4288
9042
6883
7502
5573
2536
5194
7450
5812
27
5120
2804
4860
9128
3586
2336
2210
6280
816
4036
4504
3995
7590
360
812
2719
6119
97
8565
598
6560
5798
4238
8278
243
6203
9319
9399
5278
658
2602
8748
1336
8956
6464
4906
5297
6167
7928
7486
1254
7015
8630
7087
7210
7385
2638
6061
8575
5600
3742
2665
1232
1339
5008
5914
5494
4182
8052
4969
7288
1445
3732
788
1404
7366
8100
5830
3845
4507
4945
842
1185
9558
286
2966
1912
2
5419
9644
8288
4181
7113
4479
201
2734
1798
1898
4296
5966
4570
1819
3952
5455
8237
6603
8083
3915
7377
9121
7507
806
3691
9977
1197
354
7415
6705
9208
1742
1463
3563
6750
6612
6131
4454
4461
8262
7030
8393
1849
6204
9245
3374
4732
5045
8286
5815
6794
4391
8270
8983
8011
265
9627
6697
7635
3729
8814
493
1679
1414
1495
4021
8789
2325
5711
4012
2997
5545
2130
717
165
4307
923
1799
6294
1123
8002
76
1461
7129
2906
228
9852
4367
5528
8831
6880
8911
6768
9014
9719
5010
1244
4648
5536
8023
6506
6085
2470
9315
4636
2197
3842
6749
3398
1128
9087
4268
7849
2146
5464
7383
9426
1290
4941
3238
7137
4411
6123
9600
1923
1451
9773
4985
9739
6376
9398
2396
8141
5365
761
2474
5655
2922
3997
7080
2255
9957
8474
3128
8478
422
8928
6576
406
253
8341
1053
4621
9590
2777
9048
8212
4131
4829
2700
5407
1062
9027
641
7800
3131
6544
1773
7894
7101
2444
4666
6202
9224
4631
4874
3410
1854
9752
8798
8392
7307
5797
588
9005
6134
4772
3085
1958
5582
8566
6297
918
227
6029
9632
1015
268
1452
6159
6622
7642
6058
3740
636
1656
5007
8947
5265
5757
5245
9250
1173
6636
597
4653
7984
9570
4816
9620
3441
2010
8813
7251
2465
7063
7333
6318
6454
505
5381
2021
9053
5318
8940
4082
7232
1519
1269
3992
4889
995
4437
7256
9804
69
6899
2351
20
121
2023
9363
8176
8389
3537
3804
6810
5075
3092
6555
7721
8849
3868
467
1303
8803
4000
1511
5215
4760
2062
3894
4689
4868
3554
3909
770
8691
1952
3319
549
2122
2303
9451
7474
7600
1600
8881
3785
2186
5496
7089
9924
5614
4847
5250
833
8384
4283
968
3216
1966
1767
1595
9869
7056
6154
764
3357
1518
5160
7903
7380
1242
6093
198
9847
5963
3698
6801
1273
8111
6316
5051
3420
7159
2646
9573
3434
1372
3660
6519
6931
5835
1188
5306
8189
4414
4467
4169
6945
1138
3538
9255
7936
4159
6431
5091
8907
1922
8274
1648
4615
7207
8571
6594
8409
7950
7223
1973
56
6819
7375
8533
4112
7947
2189
5461
2442
1345
342
372
1867
7874
7806
6150
134
874
9913
8669
5035
5432
1743
559
7927
2114
3231
1881
6888
6155
2722
3934
8085
9323
2952
9976
1546
2268
3567
9037
9806
3223
3839
1109
9582
8438
3636
215
5448
3544
2264
4078
1862
6137
4123
6680
8442
2211
3754
7649
3262
5885
9223
6640
5871
699
236
1974
7136
3244
4559
6334
8834
3657
1228
4277
2307
2601
6495
7978
5766
5817
1105
830
6193
8416
885
9526
401
7739
1183
9718
2187
4426
5262
5958
1846
7933
2280
3998
4966
6447
5395
9041
6529
8469
1695
279
4267
1094
8488
4249
46
7828
2263
4729
4231
5909
3281
6568
7510
3080
7463
9490
8785
2415
7130
2173
9535
8734
5177
404
4746
2972
906
1363
130
5541
6263
4742
2725
44
6657
5307
9397
1979
1047
4655
5806
1028
4255
4602
2195
815
6129
1357
8790
3861
9969
2041
9953
8415
7526
728
696
2927
5869
2100
6656
8108
1403
8692
660
32
1995
9873
2589
5246
7683
6709
4282
3335
2746
6591
9531
8250
1905
6974
3471
1245
6511
3043
5362
9098
4586
7158
336
5665
3032
9905
4434
4480
5321
1130
9745
5446
5671
8958
8624
2590
5519
4093
9987
7813
5940
3349
8374
1310
9347
4796
5323
8520
1623
3799
2272
6654
7330
2088
9079
8169
6415
4601
7829
6402
5175
1626
9502
2297
1703
4817
7940
3470
8568
5288
7174
5437
6190
6742
7923
6400
3958
4081
2401
1859
948
250
4890
335
6910
5566
9145
3047
3575
6086
7031
7200
4444
2543
760
1367
2372
4563
7326
1139
3332
8174
1108
1528
3214
4801
5478
1515
6633
9505
1042
926
5565
8622
9830
9375
5789
8594
5562
1309
5197
1616
7311
1315
1694
550
1699
6676
1418
6320
5572
5516
1444
2493
5134
3507
1132
9546
1150
4497
2654
1145
6721
8779
5264
1424
3918
8932
5549
5158
4462
6200
811
8089
7387
3770
6416
7732
3624
1698
5656
7798
9649
2604
4389
4127
9070
732
2059
8200
3780
7853
1636
5838
9357
5916
9864
4881
3545
1687
4432
7146
5865
6408
4731
1359
2244
8009
4234
9975
1970
7262
6780
8919
6930
7363
3291
9174
9934
722
2530
2304
1248
8118
7112
4362
8574
599
2030
6363
8592
6585
674
3797
9658
4986
752
6075
389
1722
5751
8661
2137
9113
2337
6845
2054
5686
4518
2707
8960
8082
3505
5317
9497
6094
1223
3924
7347
8327
7467
4413
5891
8754
5512
1374
5680
6183
2957
7565
9736
1486
5782
9510
8818
931
5459
5140
5685
3102
5152
9487
5980
3350
8296
4337
1012
9236
6301
6008
7246
8414
74
2770
4780
7309
2980
4125
8419
1180
6377
3757
8027
7882
3259
4509
1964
332
543
2194
4612
2586
7647
3512
7005
2472
9287
848
553
7866
4250
5502
7224
6281
2864
3489
898
4233
6542
6613
2643
7572
3005
6531
1096
9904
221
2615
5972
5622
6391
6522
7768
2144
3140
4735
5578
410
819
790
3540
8472
7726
1176
5255
2674
8370
7269
8107
1887
990
8178
8792
1997
2851
2080
5076
884
6276
6497
3265
4867
7105
2914
4459
9532
6424
1785
9954
8903
9303
9999
6550
2262
7294
2167
1936
3993
2238
4232
8626
1551
5956
8897
9147
2832
96
3329
6574
4203
1707
4605
1439
4696
4256
3517
3324
3255
8094
112
3376
9844
3694
2188
7775
7487
1987
4818
4292
6786
1853
2729
4642
5911
9974
9134
7423
3173
950
1794
2462
2469
7942
8222
8662
8647
689
6804
4538
7999
7797
629
122
3272
4740
2763
3802
2842
530
9722
8757
8522
536
5850
9656
3454
6083
8290
9842
6916
3597
1402
9167
2071
7268
483
2270
394
4617
9994
6397
5421
3709
5821
3065
8322
6063
8436
7692
5085
666
7278
4593
7708
7867
5102
9610
3046
9700
5481
9574
7509
7182
5999
4228
2539
8345
2634
2383
9348
6241
8946
6268
1329
5534
2179
9241
670
3699
8158
5327
3468
3453
161
9587
7672
1918
688
2653
8841
5150
3116
4932
9655
5634
669
6059
3986
9220
68
9411
5567
589
7606
1471
7505
3101
2290
7196
9866
3211
1041
4598
2759
8121
5486
8447
5425
4495
5450
7993
3713
1664
4859
2651
8758
2989
9159
2541
245
1426
7085
6322
914
2862
4542
2582
4212
5768
7990
2583
8031
6731
7047
6349
1823
9536
9768
1757
3049
5604
7855
4687
7401
5524
2919
1607
3856
8006
9051
5344
8039
823
6469
1314
9508
9021
6360
7749
4675
5701
71
9697
1965
8112
2132
954
4098
579
5023
2836
6781
2285
1503
7921
2794
5736
8232
1195
6956
5522
7027
9650
9335
4335
8631
5162
8617
1746
3950
1477
1144
646
2595
2425
2733
6948
6977
4489
6165
8526
1532
7793
3313
1772
5092
849
1597
8534
5263
3901
1247
755
6417
9902
5057
3582
727
7035
9383
6333
3887
3071
5571
4711
7231
6834
7528
9602
9820
9832
8643
9661
2806
3528
2377
8075
1760
9429
3419
1572
5699
5964
8440
3618
6867
6878
1304
191
6407
5623
7404
5170
956
9075
7656
4037
7608
9201
2480
8455
1954
7168
7351
9892
591
2274
5474
2575
2387
3099
8124
6604
4680
7546
3519
8490
3506
7603
5001
5635
8221
8127
2343
3301
3229
3100
9978
5511
7041
6088
4822
2113
3831
4361
2055
1589
3096
4519
2671
577
5899
2716
5247
7576
4565
9114
6275
3928
2126
2521
8618
821
4887
687
6194
5185
5942
8386
6335
8580
4064
5915
7410
9630
9800
6271
797
1059
4613
6653
4866
9919
5831
4279
8767
4060
9591
1724
2584
5347
4909
3815
3275
3064
844
8713
4197
6902
7566
6968
5480
7492
8752
2358
2028
9874
1914
8816
5990
6357
3984
6260
8899
7439
7257
5083
4871
7778
8499
2924
17
9343
7902
8778
9654
2756
1311
4761
623
6411
8855
4967
6315
9199
4408
3627
3623
7922
5843
9889
8261
3323
6600
9283
8071
1972
6255
4262
2087
9477
9432
6336
3034
5492
2051
6904
9947
263
6352
9052
2296
9108
382
4067
67
2560
6993
5234
2853
2352
2789
4520
8066
6692
5125
1412
453
3093
3766
8283
3617
1076
8080
4259
5005
9216
6947
2726
1552
6455
3334
6166
7135
7412
8700
2139
9838
4284
6703
9549
2024
5067
7747
6831
3965
9196
2747
5552
8252
3764
2635
7341
6284
2581
4088
4980
6185
7002
8974
9638
4253
164
2373
3010
1630
4050
2455
4135
5032
7527
5135
2363
8156
6444
4196
6686
3502
4528
1366
5328
5928
4832
5564
3637
2564
709
9305
7636
7008
4649
9593
3937
512
2205
2525
5066
6646
3394
6743
3893
8368
9527
9935
8068
4797
6572
6156
3363
1878
1705
8659
4193
7900
1761
7457
3882
9446
3161
6082
8801
6695
3088
9431
547
4319
5240
1078
535
8660
2574
7321
5758
2287
652
7851
2757
5111
25
9826
2953
9299
441
3607
982
9742
7924
5256
9991
4194
2433
2163
2332
458
2371
9065
2860
1686
4144
7369
8206
5803
9667
6610
784
6771
9243
3876
4567
8139
3132
838
2368
6982
1831
4342
4352
729
7827
1204
9080
4684
5752
3258
1929
6915
480
2750
3436
6078
2127
2305
1466
3848
9850
6342
744
7339
7542
4393
9880
3522
668
1379
6505
8360
3057
495
8017
9473
2453
2153
143
3164
7314
9749
9135
5154
4313
7073
6461
3375
3674
7579
2839
8819
478
4652
988
7617
8264
1317
3033
1416
2475
5079
1716
7012
9032
2364
4581
7951
6660
6740
4524
2418
1389
7285
6053
5020
4884
8032
3994
3832
813
6763
3215
6364
6027
2143
7171
4219
4118
5009
8755
8582
645
909
2830
7291
8330
6494
2260
1928
5358
7958
276
737
5209
3917
897
4264
6934
7820
6744
2514
4858
479
1832
910
6722
9599
5632
4429
1206
6717
529
6089
