1
2
3
4
5
6
7
8
9
10
11
12
13
14
15
16
17
18
19
20
21
22
23
24
25
26
27
28
29
30
31
32
33
34
35
36
37
38
39
40
41
42
43
44
45
46
47
48
49
50
51
52
53
54
55
56
57
58
59
60
61
62
63
64
65
66
67
68
69
70
71
72
73
74
75
76
77
78
79
80
81
82
83
84
85
86
87
88
89
90
91
92
93
94
95
96
97
98
99
100
101
102
103
104
105
106
107
108
109
110
111
112
113
114
115
116
117
118
119
120
121
122
123
124
125
126
127
128
129
130
131
132
133
134
135
136
137
138
139
140
141
142
143
144
145
146
147
148
149
150
151
152
153
154
155
156
157
158
159
160
161
162
163
164
165
166
167
168
169
170
171
172
173
174
175
176
177
178
179
180
181
182
183
184
185
186
187
188
189
190
191
192
193
194
195
196
197
198
199
200
201
202
203
204
205
206
207
208
209
210
211
212
213
214
215
216
217
218
219
220
221
222
223
224
225
226
227
228
229
230
231
232
233
234
235
236
237
238
239
240
241
242
243
244
245
246
247
248
249
250
251
252
253
254
255
256
257
258
259
260
261
262
263
264
265
266
267
268
269
270
271
272
273
274
275
276
277
278
279
280
281
282
283
284
285
286
287
288
289
290
291
292
293
294
295
296
297
298
299
300
301
302
303
304
305
306
307
308
309
310
311
312
313
314
315
316
317
318
319
320
321
322
323
324
325
326
327
328
329
330
331
332
333
334
335
336
337
338
339
340
341
342
343
344
345
346
347
348
349
350
351
352
353
354
355
356
357
358
359
360
361
362
363
364
365
366
367
368
369
370
371
372
373
374
375
376
377
378
379
380
381
382
383
384
385
386
387
388
389
390
391
392
393
394
395
396
397
398
399
400
401
402
403
404
405
406
407
408
409
410
411
412
413
414
415
416
417
418
419
420
421
422
423
424
425
426
427
428
429
430
431
432
433
434
435
436
437
438
439
440
441
442
443
444
445
446
447
448
449
450
451
452
453
454
455
456
457
458
459
460
461
462
463
464
465
466
467
468
469
470
471
472
473
474
475
476
477
478
479
480
481
482
483
484
485
486
487
488
489
490
491
492
493
494
495
496
497
498
499
500
501
502
503
504
505
506
507
508
509
510
511
512
513
514
515
516
517
518
519
520
521
522
523
524
525
526
527
528
529
530
531
532
533
534
535
536
537
538
539
540
541
542
543
544
545
546
547
548
549
550
551
552
553
554
555
556
557
558
559
560
561
562
563
564
565
566
567
568
569
570
571
572
573
574
575
576
577
578
579
580
581
582
583
584
585
586
587
588
589
590
591
592
593
594
595
596
597
598
599
600
601
602
603
604
605
606
607
608
609
610
611
612
613
614
615
616
617
618
619
620
621
622
623
624
625
626
627
628
629
630
631
632
633
634
635
636
637
638
639
640
641
642
643
644
645
646
647
648
649
650
651
652
653
654
655
656
657
658
659
660
661
662
663
664
665
666
667
668
669
670
671
672
673
674
675
676
677
678
679
680
681
682
683
684
685
686
687
688
689
690
691
692
693
694
695
696
697
698
699
700
701
702
703
704
705
706
707
708
709
710
711
712
713
714
715
716
717
718
719
720
721
722
723
724
725
726
727
728
729
730
731
732
733
734
735
736
737
738
739
740
741
742
743
744
745
746
747
748
749
750
751
752
753
754
755
756
757
758
759
760
761
762
763
764
765
766
767
768
769
770
771
772
773
774
775
776
777
778
779
780
781
782
783
784
785
786
787
788
789
790
791
792
793
794
795
796
797
798
799
800
801
802
803
804
805
806
807
808
809
810
811
812
813
814
815
816
817
818
819
820
821
822
823
824
825
826
827
828
829
830
831
832
833
834
835
836
837
838
839
840
841
842
843
844
845
846
847
848
849
850
851
852
853
854
855
856
857
858
859
860
861
862
863
864
865
866
867
868
869
870
871
872
873
874
875
876
877
878
879
880
881
882
883
884
885
886
887
888
889
890
891
892
893
894
895
896
897
898
899
900
901
902
903
904
905
906
907
908
909
910
911
912
913
914
915
916
917
918
919
920
921
922
923
924
925
926
927
928
929
930
931
932
933
934
935
936
937
938
939
940
941
942
943
944
945
946
947
948
949
950
951
952
953
954
955
956
957
958
959
960
961
962
963
964
965
966
967
968
969
970
971
972
973
974
975
976
977
978
979
980
981
982
983
984
985
986
987
988
989
990
991
992
993
994
995
996
997
998
999
1000
1001
1002
1003
1004
1005
1006
1007
1008
1009
1010
1011
1012
1013
1014
1015
1016
1017
1018
1019
1020
1021
1022
1023
1024
1025
1026
1027
1028
1029
1030
1031
1032
1033
1034
1035
1036
1037
1038
1039
1040
1041
1042
1043
1044
1045
1046
1047
1048
1049
1050
1051
1052
1053
1054
1055
1056
1057
1058
1059
1060
1061
1062
1063
1064
1065
1066
1067
1068
1069
1070
1071
1072
1073
1074
1075
1076
1077
1078
1079
1080
1081
1082
1083
1084
1085
1086
1087
1088
1089
1090
1091
1092
1093
1094
1095
1096
1097
1098
1099
1100
1101
1102
1103
1104
1105
1106
1107
1108
1109
1110
1111
1112
1113
1114
1115
1116
1117
1118
1119
1120
1121
1122
1123
1124
1125
1126
1127
1128
1129
1130
1131
1132
1133
1134
1135
1136
1137
1138
1139
1140
1141
1142
1143
1144
1145
1146
1147
1148
1149
1150
1151
1152
1153
1154
1155
1156
1157
1158
1159
1160
1161
1162
1163
1164
1165
1166
1167
1168
1169
1170
1171
1172
1173
1174
1175
1176
1177
1178
1179
1180
1181
1182
1183
1184
1185
1186
1187
1188
1189
1190
1191
1192
1193
1194
1195
1196
1197
1198
1199
1200
1201
1202
1203
1204
1205
1206
1207
1208
1209
1210
1211
1212
1213
1214
1215
1216
1217
1218
1219
1220
1221
1222
1223
1224
1225
1226
1227
1228
1229
1230
1231
1232
1233
1234
1235
1236
1237
1238
1239
1240
1241
1242
1243
1244
1245
1246
1247
1248
1249
1250
1251
1252
1253
1254
1255
1256
1257
1258
1259
1260
1261
1262
1263
1264
1265
1266
1267
1268
1269
1270
1271
1272
1273
1274
1275
1276
1277
1278
1279
1280
1281
1282
1283
1284
1285
1286
1287
1288
1289
1290
1291
1292
1293
1294
1295
1296
1297
1298
1299
1300
1301
1302
1303
1304
1305
1306
1307
1308
1309
1310
1311
1312
1313
1314
1315
1316
1317
1318
1319
1320
1321
1322
1323
1324
1325
1326
1327
1328
1329
1330
1331
1332
1333
1334
1335
1336
1337
1338
1339
1340
1341
1342
1343
1344
1345
1346
1347
1348
1349
1350
1351
1352
1353
1354
1355
1356
1357
1358
1359
1360
1361
1362
1363
1364
1365
1366
1367
1368
1369
1370
1371
1372
1373
1374
1375
1376
1377
1378
1379
1380
1381
1382
1383
1384
1385
1386
1387
1388
1389
1390
1391
1392
1393
1394
1395
1396
1397
1398
1399
1400
1401
1402
1403
1404
1405
1406
1407
1408
1409
1410
1411
1412
1413
1414
1415
1416
1417
1418
1419
1420
1421
1422
1423
1424
1425
1426
1427
1428
1429
1430
1431
1432
1433
1434
1435
1436
1437
1438
1439
1440
1441
1442
1443
1444
1445
1446
1447
1448
1449
1450
1451
1452
1453
1454
1455
1456
1457
1458
1459
1460
1461
1462
1463
1464
1465
1466
1467
1468
1469
1470
1471
1472
1473
1474
1475
1476
1477
1478
1479
1480
1481
1482
1483
1484
1485
1486
1487
1488
1489
1490
1491
1492
1493
1494
1495
1496
1497
1498
1499
1500
1501
1502
1503
1504
1505
1506
1507
1508
1509
1510
1511
1512
1513
1514
1515
1516
1517
1518
1519
1520
1521
1522
1523
1524
1525
1526
1527
1528
1529
1530
1531
1532
1533
1534
1535
1536
1537
1538
1539
1540
1541
1542
1543
1544
1545
1546
1547
1548
1549
1550
1551
1552
1553
1554
1555
1556
1557
1558
1559
1560
1561
1562
1563
1564
1565
1566
1567
1568
1569
1570
1571
1572
1573
1574
1575
1576
1577
1578
1579
1580
1581
1582
1583
1584
1585
1586
1587
1588
1589
1590
1591
1592
1593
1594
1595
1596
1597
1598
1599
1600
1601
1602
1603
1604
1605
1606
1607
1608
1609
1610
1611
1612
1613
1614
1615
1616
1617
1618
1619
1620
1621
1622
1623
1624
1625
1626
1627
1628
1629
1630
1631
1632
1633
1634
1635
1636
1637
1638
1639
1640
1641
1642
1643
1644
1645
1646
1647
1648
1649
1650
1651
1652
1653
1654
1655
1656
1657
1658
1659
1660
1661
1662
1663
1664
1665
1666
1667
1668
1669
1670
1671
1672
1673
1674
1675
1676
1677
1678
1679
1680
1681
1682
1683
1684
1685
1686
1687
1688
1689
1690
1691
1692
1693
1694
1695
1696
1697
1698
1699
1700
1701
1702
1703
1704
1705
1706
1707
1708
1709
1710
1711
1712
1713
1714
1715
1716
1717
1718
1719
1720
1721
1722
1723
1724
1725
1726
1727
1728
1729
1730
1731
1732
1733
1734
1735
1736
1737
1738
1739
1740
1741
1742
1743
1744
1745
1746
1747
1748
1749
1750
1751
1752
1753
1754
1755
1756
1757
1758
1759
1760
1761
1762
1763
1764
1765
1766
1767
1768
1769
1770
1771
1772
1773
1774
1775
1776
1777
1778
1779
1780
1781
1782
1783
1784
1785
1786
1787
1788
1789
1790
1791
1792
1793
1794
1795
1796
1797
1798
1799
1800
1801
1802
1803
1804
1805
1806
1807
1808
1809
1810
1811
1812
1813
1814
1815
1816
1817
1818
1819
1820
1821
1822
1823
1824
1825
1826
1827
1828
1829
1830
1831
1832
1833
1834
1835
1836
1837
1838
1839
1840
1841
1842
1843
1844
1845
1846
1847
1848
1849
1850
1851
1852
1853
1854
1855
1856
1857
1858
1859
1860
1861
1862
1863
1864
1865
1866
1867
1868
1869
1870
1871
1872
1873
1874
1875
1876
1877
1878
1879
1880
1881
1882
1883
1884
1885
1886
1887
1888
1889
1890
1891
1892
1893
1894
1895
1896
1897
1898
1899
1900
1901
1902
1903
1904
1905
1906
1907
1908
1909
1910
1911
1912
1913
1914
1915
1916
1917
1918
1919
1920
1921
1922
1923
1924
1925
1926
1927
1928
1929
1930
1931
1932
1933
1934
1935
1936
1937
1938
1939
1940
1941
1942
1943
1944
1945
1946
1947
1948
1949
1950
1951
1952
1953
1954
1955
1956
1957
1958
1959
1960
1961
1962
1963
1964
1965
1966
1967
1968
1969
1970
1971
1972
1973
1974
1975
1976
1977
1978
1979
1980
1981
1982
1983
1984
1985
1986
1987
1988
1989
1990
1991
1992
1993
1994
1995
1996
1997
1998
1999
2000
2001
2002
2003
2004
2005
2006
2007
2008
2009
2010
2011
2012
2013
2014
2015
2016
2017
2018
2019
2020
2021
2022
2023
2024
2025
2026
2027
2028
2029
2030
2031
2032
2033
2034
2035
2036
2037
2038
2039
2040
2041
2042
2043
2044
2045
2046
2047
2048
2049
2050
2051
2052
2053
2054
2055
2056
2057
2058
2059
2060
2061
2062
2063
2064
2065
2066
2067
2068
2069
2070
2071
2072
2073
2074
2075
2076
2077
2078
2079
2080
2081
2082
2083
2084
2085
2086
2087
2088
2089
2090
2091
2092
2093
2094
2095
2096
2097
2098
2099
2100
2101
2102
2103
2104
2105
2106
2107
2108
2109
2110
2111
2112
2113
2114
2115
2116
2117
2118
2119
2120
2121
2122
2123
2124
2125
2126
2127
2128
2129
2130
2131
2132
2133
2134
2135
2136
2137
2138
2139
2140
2141
2142
2143
2144
2145
2146
2147
2148
2149
2150
2151
2152
2153
2154
2155
2156
2157
2158
2159
2160
2161
2162
2163
2164
2165
2166
2167
2168
2169
2170
2171
2172
2173
2174
2175
2176
2177
2178
2179
2180
2181
2182
2183
2184
2185
2186
2187
2188
2189
2190
2191
2192
2193
2194
2195
2196
2197
2198
2199
2200
2201
2202
2203
2204
2205
2206
2207
2208
2209
2210
2211
2212
2213
2214
2215
2216
2217
2218
2219
2220
2221
2222
2223
2224
2225
2226
2227
2228
2229
2230
2231
2232
2233
2234
2235
2236
2237
2238
2239
2240
2241
2242
2243
2244
2245
2246
2247
2248
2249
2250
2251
2252
2253
2254
2255
2256
2257
2258
2259
2260
2261
2262
2263
2264
2265
2266
2267
2268
2269
2270
2271
2272
2273
2274
2275
2276
2277
2278
2279
2280
2281
2282
2283
2284
2285
2286
2287
2288
2289
2290
2291
2292
2293
2294
2295
2296
2297
2298
2299
2300
2301
2302
2303
2304
2305
2306
2307
2308
2309
2310
2311
2312
2313
2314
2315
2316
2317
2318
2319
2320
2321
2322
2323
2324
2325
2326
2327
2328
2329
2330
2331
2332
2333
2334
2335
2336
2337
2338
2339
2340
2341
2342
2343
2344
2345
2346
2347
2348
2349
2350
2351
2352
2353
2354
2355
2356
2357
2358
2359
2360
2361
2362
2363
2364
2365
2366
2367
2368
2369
2370
2371
2372
2373
2374
2375
2376
2377
2378
2379
2380
2381
2382
2383
2384
2385
2386
2387
2388
2389
2390
2391
2392
2393
2394
2395
2396
2397
2398
2399
2400
2401
2402
2403
2404
2405
2406
2407
2408
2409
2410
2411
2412
2413
2414
2415
2416
2417
2418
2419
2420
2421
2422
2423
2424
2425
2426
2427
2428
2429
2430
2431
2432
2433
2434
2435
2436
2437
2438
2439
2440
2441
2442
2443
2444
2445
2446
2447
2448
2449
2450
2451
2452
2453
2454
2455
2456
2457
2458
2459
2460
2461
2462
2463
2464
2465
2466
2467
2468
2469
2470
2471
2472
2473
2474
2475
2476
2477
2478
2479
2480
2481
2482
2483
2484
2485
2486
2487
2488
2489
2490
2491
2492
2493
2494
2495
2496
2497
2498
2499
2500
2501
2502
2503
2504
2505
2506
2507
2508
2509
2510
2511
2512
2513
2514
2515
2516
2517
2518
2519
2520
2521
2522
2523
2524
2525
2526
2527
2528
2529
2530
2531
2532
2533
2534
2535
2536
2537
2538
2539
2540
2541
2542
2543
2544
2545
2546
2547
2548
2549
2550
2551
2552
2553
2554
2555
2556
2557
2558
2559
2560
2561
2562
2563
2564
2565
2566
2567
2568
2569
2570
2571
2572
2573
2574
2575
2576
2577
2578
2579
2580
2581
2582
2583
2584
2585
2586
2587
2588
2589
2590
2591
2592
2593
2594
2595
2596
2597
2598
2599
2600
2601
2602
2603
2604
2605
2606
2607
2608
2609
2610
2611
2612
2613
2614
2615
2616
2617
2618
2619
2620
2621
2622
2623
2624
2625
2626
2627
2628
2629
2630
2631
2632
2633
2634
2635
2636
2637
2638
2639
2640
2641
2642
2643
2644
2645
2646
2647
2648
2649
2650
2651
2652
2653
2654
2655
2656
2657
2658
2659
2660
2661
2662
2663
2664
2665
2666
2667
2668
2669
2670
2671
2672
2673
2674
2675
2676
2677
2678
2679
2680
2681
2682
2683
2684
2685
2686
2687
2688
2689
2690
2691
2692
2693
2694
2695
2696
2697
2698
2699
2700
2701
2702
2703
2704
2705
2706
2707
2708
2709
2710
2711
2712
2713
2714
2715
2716
2717
2718
2719
2720
2721
2722
2723
2724
2725
2726
2727
2728
2729
2730
2731
2732
2733
2734
2735
2736
2737
2738
2739
2740
2741
2742
2743
2744
2745
2746
2747
2748
2749
2750
2751
2752
2753
2754
2755
2756
2757
2758
2759
2760
2761
2762
2763
2764
2765
2766
2767
2768
2769
2770
2771
2772
2773
2774
2775
2776
2777
2778
2779
2780
2781
2782
2783
2784
2785
2786
2787
2788
2789
2790
2791
2792
2793
2794
2795
2796
2797
2798
2799
2800
2801
2802
2803
2804
2805
2806
2807
2808
2809
2810
2811
2812
2813
2814
2815
2816
2817
2818
2819
2820
2821
2822
2823
2824
2825
2826
2827
2828
2829
2830
2831
2832
2833
2834
2835
2836
2837
2838
2839
2840
2841
2842
2843
2844
2845
2846
2847
2848
2849
2850
2851
2852
2853
2854
2855
2856
2857
2858
2859
2860
2861
2862
2863
2864
2865
2866
2867
2868
2869
2870
2871
2872
2873
2874
2875
2876
2877
2878
2879
2880
2881
2882
2883
2884
2885
2886
2887
2888
2889
2890
2891
2892
2893
2894
2895
2896
2897
2898
2899
2900
2901
2902
2903
2904
2905
2906
2907
2908
2909
2910
2911
2912
2913
2914
2915
2916
2917
2918
2919
2920
2921
2922
2923
2924
2925
2926
2927
2928
2929
2930
2931
2932
2933
2934
2935
2936
2937
2938
2939
2940
2941
2942
2943
2944
2945
2946
2947
2948
2949
2950
2951
2952
2953
2954
2955
2956
2957
2958
2959
2960
2961
2962
2963
2964
2965
2966
2967
2968
2969
2970
2971
2972
2973
2974
2975
2976
2977
2978
2979
2980
2981
2982
2983
2984
2985
2986
2987
2988
2989
2990
2991
2992
2993
2994
2995
2996
2997
2998
2999
3000
3001
3002
3003
3004
3005
3006
3007
3008
3009
3010
3011
3012
3013
3014
3015
3016
3017
3018
3019
3020
3021
3022
3023
3024
3025
3026
3027
3028
3029
3030
3031
3032
3033
3034
3035
3036
3037
3038
3039
3040
3041
3042
3043
3044
3045
3046
3047
3048
3049
3050
3051
3052
3053
3054
3055
3056
3057
3058
3059
3060
3061
3062
3063
3064
3065
3066
3067
3068
3069
3070
3071
3072
3073
3074
3075
3076
3077
3078
3079
3080
3081
3082
3083
3084
3085
3086
3087
3088
3089
3090
3091
3092
3093
3094
3095
3096
3097
3098
3099
3100
3101
3102
3103
3104
3105
3106
3107
3108
3109
3110
3111
3112
3113
3114
3115
3116
3117
3118
3119
3120
3121
3122
3123
3124
3125
3126
3127
3128
3129
3130
3131
3132
3133
3134
3135
3136
3137
3138
3139
3140
3141
3142
3143
3144
3145
3146
3147
3148
3149
3150
3151
3152
3153
3154
3155
3156
3157
3158
3159
3160
3161
3162
3163
3164
3165
3166
3167
3168
3169
3170
3171
3172
3173
3174
3175
3176
3177
3178
3179
3180
3181
3182
3183
3184
3185
3186
3187
3188
3189
3190
3191
3192
3193
3194
3195
3196
3197
3198
3199
3200
3201
3202
3203
3204
3205
3206
3207
3208
3209
3210
3211
3212
3213
3214
3215
3216
3217
3218
3219
3220
3221
3222
3223
3224
3225
3226
3227
3228
3229
3230
3231
3232
3233
3234
3235
3236
3237
3238
3239
3240
3241
3242
3243
3244
3245
3246
3247
3248
3249
3250
3251
3252
3253
3254
3255
3256
3257
3258
3259
3260
3261
3262
3263
3264
3265
3266
3267
3268
3269
3270
3271
3272
3273
3274
3275
3276
3277
3278
3279
3280
3281
3282
3283
3284
3285
3286
3287
3288
3289
3290
3291
3292
3293
3294
3295
3296
3297
3298
3299
3300
3301
3302
3303
3304
3305
3306
3307
3308
3309
3310
3311
3312
3313
3314
3315
3316
3317
3318
3319
3320
3321
3322
3323
3324
3325
3326
3327
3328
3329
3330
3331
3332
3333
3334
3335
3336
3337
3338
3339
3340
3341
3342
3343
3344
3345
3346
3347
3348
3349
3350
3351
3352
3353
3354
3355
3356
3357
3358
3359
3360
3361
3362
3363
3364
3365
3366
3367
3368
3369
3370
3371
3372
3373
3374
3375
3376
3377
3378
3379
3380
3381
3382
3383
3384
3385
3386
3387
3388
3389
3390
3391
3392
3393
3394
3395
3396
3397
3398
3399
3400
3401
3402
3403
3404
3405
3406
3407
3408
3409
3410
3411
3412
3413
3414
3415
3416
3417
3418
3419
3420
3421
3422
3423
3424
3425
3426
3427
3428
3429
3430
3431
3432
3433
3434
3435
3436
3437
3438
3439
3440
3441
3442
3443
3444
3445
3446
3447
3448
3449
3450
3451
3452
3453
3454
3455
3456
3457
3458
3459
3460
3461
3462
3463
3464
3465
3466
3467
3468
3469
3470
3471
3472
3473
3474
3475
3476
3477
3478
3479
3480
3481
3482
3483
3484
3485
3486
3487
3488
3489
3490
3491
3492
3493
3494
3495
3496
3497
3498
3499
3500
3501
3502
3503
3504
3505
3506
3507
3508
3509
3510
3511
3512
3513
3514
3515
3516
3517
3518
3519
3520
3521
3522
3523
3524
3525
3526
3527
3528
3529
3530
3531
3532
3533
3534
3535
3536
3537
3538
3539
3540
3541
3542
3543
3544
3545
3546
3547
3548
3549
3550
3551
3552
3553
3554
3555
3556
3557
3558
3559
3560
3561
3562
3563
3564
3565
3566
3567
3568
3569
3570
3571
3572
3573
3574
3575
3576
3577
3578
3579
3580
3581
3582
3583
3584
3585
3586
3587
3588
3589
3590
3591
3592
3593
3594
3595
3596
3597
3598
3599
3600
3601
3602
3603
3604
3605
3606
3607
3608
3609
3610
3611
3612
3613
3614
3615
3616
3617
3618
3619
3620
3621
3622
3623
3624
3625
3626
3627
3628
3629
3630
3631
3632
3633
3634
3635
3636
3637
3638
3639
3640
3641
3642
3643
3644
3645
3646
3647
3648
3649
3650
3651
3652
3653
3654
3655
3656
3657
3658
3659
3660
3661
3662
3663
3664
3665
3666
3667
3668
3669
3670
3671
3672
3673
3674
3675
3676
3677
3678
3679
3680
3681
3682
3683
3684
3685
3686
3687
3688
3689
3690
3691
3692
3693
3694
3695
3696
3697
3698
3699
3700
3701
3702
3703
3704
3705
3706
3707
3708
3709
3710
3711
3712
3713
3714
3715
3716
3717
3718
3719
3720
3721
3722
3723
3724
3725
3726
3727
3728
3729
3730
3731
3732
3733
3734
3735
3736
3737
3738
3739
3740
3741
3742
3743
3744
3745
3746
3747
3748
3749
3750
3751
3752
3753
3754
3755
3756
3757
3758
3759
3760
3761
3762
3763
3764
3765
3766
3767
3768
3769
3770
3771
3772
3773
3774
3775
3776
3777
3778
3779
3780
3781
3782
3783
3784
3785
3786
3787
3788
3789
3790
3791
3792
3793
3794
3795
3796
3797
3798
3799
3800
3801
3802
3803
3804
3805
3806
3807
3808
3809
3810
3811
3812
3813
3814
3815
3816
3817
3818
3819
3820
3821
3822
3823
3824
3825
3826
3827
3828
3829
3830
3831
3832
3833
3834
3835
3836
3837
3838
3839
3840
3841
3842
3843
3844
3845
3846
3847
3848
3849
3850
3851
3852
3853
3854
3855
3856
3857
3858
3859
3860
3861
3862
3863
3864
3865
3866
3867
3868
3869
3870
3871
3872
3873
3874
3875
3876
3877
3878
3879
3880
3881
3882
3883
3884
3885
3886
3887
3888
3889
3890
3891
3892
3893
3894
3895
3896
3897
3898
3899
3900
3901
3902
3903
3904
3905
3906
3907
3908
3909
3910
3911
3912
3913
3914
3915
3916
3917
3918
3919
3920
3921
3922
3923
3924
3925
3926
3927
3928
3929
3930
3931
3932
3933
3934
3935
3936
3937
3938
3939
3940
3941
3942
3943
3944
3945
3946
3947
3948
3949
3950
3951
3952
3953
3954
3955
3956
3957
3958
3959
3960
3961
3962
3963
3964
3965
3966
3967
3968
3969
3970
3971
3972
3973
3974
3975
3976
3977
3978
3979
3980
3981
3982
3983
3984
3985
3986
3987
3988
3989
3990
3991
3992
3993
3994
3995
3996
3997
3998
3999
4000
4001
4002
4003
4004
4005
4006
4007
4008
4009
4010
4011
4012
4013
4014
4015
4016
4017
4018
4019
4020
4021
4022
4023
4024
4025
4026
4027
4028
4029
4030
4031
4032
4033
4034
4035
4036
4037
4038
4039
4040
4041
4042
4043
4044
4045
4046
4047
4048
4049
4050
4051
4052
4053
4054
4055
4056
4057
4058
4059
4060
4061
4062
4063
4064
4065
4066
4067
4068
4069
4070
4071
4072
4073
4074
4075
4076
4077
4078
4079
4080
4081
4082
4083
4084
4085
4086
4087
4088
4089
4090
4091
4092
4093
4094
4095
4096
4097
4098
4099
4100
4101
4102
4103
4104
4105
4106
4107
4108
4109
4110
4111
4112
4113
4114
4115
4116
4117
4118
4119
4120
4121
4122
4123
4124
4125
4126
4127
4128
4129
4130
4131
4132
4133
4134
4135
4136
4137
4138
4139
4140
4141
4142
4143
4144
4145
4146
4147
4148
4149
4150
4151
4152
4153
4154
4155
4156
4157
4158
4159
4160
4161
4162
4163
4164
4165
4166
4167
4168
4169
4170
4171
4172
4173
4174
4175
4176
4177
4178
4179
4180
4181
4182
4183
4184
4185
4186
4187
4188
4189
4190
4191
4192
4193
4194
4195
4196
4197
4198
4199
4200
4201
4202
4203
4204
4205
4206
4207
4208
4209
4210
4211
4212
4213
4214
4215
4216
4217
4218
4219
4220
4221
4222
4223
4224
4225
4226
4227
4228
4229
4230
4231
4232
4233
4234
4235
4236
4237
4238
4239
4240
4241
4242
4243
4244
4245
4246
4247
4248
4249
4250
4251
4252
4253
4254
4255
4256
4257
4258
4259
4260
4261
4262
4263
4264
4265
4266
4267
4268
4269
4270
4271
4272
4273
4274
4275
4276
4277
4278
4279
4280
4281
4282
4283
4284
4285
4286
4287
4288
4289
4290
4291
4292
4293
4294
4295
4296
4297
4298
4299
4300
4301
4302
4303
4304
4305
4306
4307
4308
4309
4310
4311
4312
4313
4314
4315
4316
4317
4318
4319
4320
4321
4322
4323
4324
4325
4326
4327
4328
4329
4330
4331
4332
4333
4334
4335
4336
4337
4338
4339
4340
4341
4342
4343
4344
4345
4346
4347
4348
4349
4350
4351
4352
4353
4354
4355
4356
4357
4358
4359
4360
4361
4362
4363
4364
4365
4366
4367
4368
4369
4370
4371
4372
4373
4374
4375
4376
4377
4378
4379
4380
4381
4382
4383
4384
4385
4386
4387
4388
4389
4390
4391
4392
4393
4394
4395
4396
4397
4398
4399
4400
4401
4402
4403
4404
4405
4406
4407
4408
4409
4410
4411
4412
4413
4414
4415
4416
4417
4418
4419
4420
4421
4422
4423
4424
4425
4426
4427
4428
4429
4430
4431
4432
4433
4434
4435
4436
4437
4438
4439
4440
4441
4442
4443
4444
4445
4446
4447
4448
4449
4450
4451
4452
4453
4454
4455
4456
4457
4458
4459
4460
4461
4462
4463
4464
4465
4466
4467
4468
4469
4470
4471
4472
4473
4474
4475
4476
4477
4478
4479
4480
4481
4482
4483
4484
4485
4486
4487
4488
4489
4490
4491
4492
4493
4494
4495
4496
4497
4498
4499
4500
4501
4502
4503
4504
4505
4506
4507
4508
4509
4510
4511
4512
4513
4514
4515
4516
4517
4518
4519
4520
4521
4522
4523
4524
4525
4526
4527
4528
4529
4530
4531
4532
4533
4534
4535
4536
4537
4538
4539
4540
4541
4542
4543
4544
4545
4546
4547
4548
4549
4550
4551
4552
4553
4554
4555
4556
4557
4558
4559
4560
4561
4562
4563
4564
4565
4566
4567
4568
4569
4570
4571
4572
4573
4574
4575
4576
4577
4578
4579
4580
4581
4582
4583
4584
4585
4586
4587
4588
4589
4590
4591
4592
4593
4594
4595
4596
4597
4598
4599
4600
4601
4602
4603
4604
4605
4606
4607
4608
4609
4610
4611
4612
4613
4614
4615
4616
4617
4618
4619
4620
4621
4622
4623
4624
4625
4626
4627
4628
4629
4630
4631
4632
4633
4634
4635
4636
4637
4638
4639
4640
4641
4642
4643
4644
4645
4646
4647
4648
4649
4650
4651
4652
4653
4654
4655
4656
4657
4658
4659
4660
4661
4662
4663
4664
4665
4666
4667
4668
4669
4670
4671
4672
4673
4674
4675
4676
4677
4678
4679
4680
4681
4682
4683
4684
4685
4686
4687
4688
4689
4690
4691
4692
4693
4694
4695
4696
4697
4698
4699
4700
4701
4702
4703
4704
4705
4706
4707
4708
4709
4710
4711
4712
4713
4714
4715
4716
4717
4718
4719
4720
4721
4722
4723
4724
4725
4726
4727
4728
4729
4730
4731
4732
4733
4734
4735
4736
4737
4738
4739
4740
4741
4742
4743
4744
4745
4746
4747
4748
4749
4750
4751
4752
4753
4754
4755
4756
4757
4758
4759
4760
4761
4762
4763
4764
4765
4766
4767
4768
4769
4770
4771
4772
4773
4774
4775
4776
4777
4778
4779
4780
4781
4782
4783
4784
4785
4786
4787
4788
4789
4790
4791
4792
4793
4794
4795
4796
4797
4798
4799
4800
4801
4802
4803
4804
4805
4806
4807
4808
4809
4810
4811
4812
4813
4814
4815
4816
4817
4818
4819
4820
4821
4822
4823
4824
4825
4826
4827
4828
4829
4830
4831
4832
4833
4834
4835
4836
4837
4838
4839
4840
4841
4842
4843
4844
4845
4846
4847
4848
4849
4850
4851
4852
4853
4854
4855
4856
4857
4858
4859
4860
4861
4862
4863
4864
4865
4866
4867
4868
4869
4870
4871
4872
4873
4874
4875
4876
4877
4878
4879
4880
4881
4882
4883
4884
4885
4886
4887
4888
4889
4890
4891
4892
4893
4894
4895
4896
4897
4898
4899
4900
4901
4902
4903
4904
4905
4906
4907
4908
4909
4910
4911
4912
4913
4914
4915
4916
4917
4918
4919
4920
4921
4922
4923
4924
4925
4926
4927
4928
4929
4930
4931
4932
4933
4934
4935
4936
4937
4938
4939
4940
4941
4942
4943
4944
4945
4946
4947
4948
4949
4950
4951
4952
4953
4954
4955
4956
4957
4958
4959
4960
4961
4962
4963
4964
4965
4966
4967
4968
4969
4970
4971
4972
4973
4974
4975
4976
4977
4978
4979
4980
4981
4982
4983
4984
4985
4986
4987
4988
4989
4990
4991
4992
4993
4994
4995
4996
4997
4998
4999
5000
6959
7591
8640
6604
5892
5861
5145
5725
5783
6743
8766
5774
7922
8098
5929
9379
8691
7630
9412
8724
7358
7937
7060
7208
8198
8166
7392
8752
6116
5978
7963
7110
9337
6688
6156
9475
6783
6213
5753
8470
6234
7991
5020
7020
6591
7009
7375
8629
6548
9254
6335
5791
7317
9155
7614
5185
5751
6429
8202
8734
6558
9369
9062
8849
6247
6802
9545
9787
8149
8528
5361
8771
5372
5425
7532
8347
6524
8391
9222
6873
9030
8393
6886
5911
6879
7022
7373
7210
8267
8408
5634
5641
7318
5789
7295
5880
5616
8534
6597
8783
7873
5186
5487
7982
9503
6668
5068
7624
9134
5001
7693
7459
9809
6502
5162
8719
5500
5633
6104
9003
7878
5472
5630
8452
8326
9216
8996
7126
8439
7316
6704
7876
9758
6773
9150
7596
5677
5043
9454
8306
6008
6554
7496
9241
6291
6423
8262
7482
9985
7972
8237
6799
7644
7304
5036
9817
5344
6051
8643
8120
5238
5723
8147
8436
9137
5447
6765
5957
5006
5322
5302
9872
6830
6631
7470
8371
6505
7306
9473
9428
6514
7073
8517
7989
7804
5163
6510
5104
9348
5589
9935
5059
5304
9413
6786
7559
8279
9711
8573
9474
9983
7013
9944
7964
5028
9467
6827
8283
6381
9342
5261
7447
8762
6332
8840
5213
9514
9243
7749
5471
6716
8170
9584
6067
8943
7948
5352
6177
9059
6299
8825
6573
5091
7993
9902
6341
9249
7895
5066
5611
5873
9421
5671
9582
5364
5788
9346
6028
8861
9779
8969
7631
6043
7786
7626
6092
8858
6052
6035
9129
8873
7331
6719
9069
5051
5088
5799
5089
8650
8689
8181
5166
9092
9523
5220
5737
6736
7784
5922
9691
6060
8472
9256
9302
7246
7265
9543
8878
5749
7865
8304
8721
5181
9187
7975
8530
7744
7382
6108
6371
8916
9174
8297
7301
7279
6225
7861
6689
6775
7868
9495
5142
5459
9382
8064
5921
8976
5118
5965
6666
7839
7062
5540
9271
5349
6311
5284
6273
8444
6797
8746
9327
5973
5009
9631
8511
8451
6370
8875
9890
5875
5413
6162
5296
7652
9269
5773
7673
5588
7160
7870
6588
6451
7492
7018
7805
7577
8263
9501
6181
5999
7643
5544
6084
8127
6994
7840
6261
9311
5615
6220
5055
5325
7667
5926
7753
8735
7914
6906
5323
8832
6380
9047
5673
6552
6102
5573
5482
8657
8430
8253
9610
8587
6421
5526
6702
5165
5318
6935
9923
6112
6916
7758
5940
8745
8342
5556
8232
7278
5146
7627
9853
8726
6504
8310
9123
6142
9111
7898
6276
5221
6710
5664
6384
8903
6682
8343
6911
6245
5244
9972
7311
8568
6595
9856
6914
5270
8612
5209
8025
9536
9351
5010
7639
7285
8336
6383
6661
5113
9065
8819
6658
5908
6313
9681
6977
8615
6452
6637
6847
5598
5906
9153
6522
5990
7234
6968
8675
9551
9170
6944
7188
8338
5795
7383
8043
5987
6941
8355
8890
6932
5841
8510
8898
8892
7546
6956
7517
8453
8635
5857
7618
5189
5495
9528
6435
5087
9064
6577
7974
9926
8979
5706
6235
5543
7656
6998
5896
5667
5395
8137
9788
7452
9802
7236
8462
7522
9726
8595
8759
5252
6205
7724
6867
6128
9736
5735
9665
6861
7813
8271
5396
9479
8039
8091
9332
5631
6616
8545
6122
7179
6858
8767
7178
5448
8919
8211
8255
5170
9400
9658
5268
8354
8751
6904
5954
9876
7836
8627
9632
7056
6110
9693
9088
6842
5623
6494
6753
7918
5716
5901
6144
7475
6138
7267
6740
7397
8623
5925
7028
5084
7634
8929
9987
5007
5274
8680
6204
9349
5984
9126
6881
7511
6066
6182
8572
8078
6448
5986
7217
6113
6803
5614
6749
9626
6984
7058
8071
8835
6011
8949
7048
9362
9754
9229
8165
5739
5853
5283
8598
8182
7406
8036
6907
8760
7760
5041
8069
9924
6680
6188
8359
8125
6516
5148
5030
5943
7329
9439
5110
9969
9708
8387
9844
9127
8702
6277
9804
9655
5808
8020
7292
6492
6990
6168
5080
9247
8936
8305
6820
5510
7364
8758
9453
8514
9244
5629
6308
9668
8250
9611
8195
8431
9233
6963
9447
5622
8626
6223
8221
9525
7074
7390
9936
9777
5594
6730
9356
5559
5609
9909
8899
9017
8386
8795
5107
9795
6724
9761
5640
8728
7355
8503
7874
9063
9144
9842
6816
9154
8991
5383
8970
7196
7403
9810
7084
7999
9291
7035
9559
5460
5993
8828
5865
5100
9105
7905
8285
8667
7170
5810
7621
7872
8661
7253
7302
8482
9093
8816
5040
5570
7983
5933
7578
6981
5134
5662
6541
8449
9259
6871
8429
7901
5443
5449
5385
7407
9480
8992
5466
9803
6453
8433
6648
7924
8207
8686
7173
8061
6100
9634
5451
6605
8784
8494
5949
6523
5188
8990
9846
5714
5029
8716
5843
7446
5478
8067
6081
9004
8121
7076
8058
8455
7033
8813
8655
6671
7835
9286
5335
5490
9039
8364
8340
9829
5399
9892
6020
9763
5583
7242
9538
8460
7958
8506
9571
8075
6323
8786
7592
9906
7623
7566
9334
6270
5811
5391
7992
7423
8737
7474
5919
9739
9578
7968
6009
7198
5144
8428
9620
7032
9490
8625
9109
5124
6417
9585
5913
6088
9552
6888
6134
9219
5781
5389
6169
7907
6929
5923
7581
6264
6171
8622
9900
5021
9917
9184
8718
6316
9388
6123
5840
6645
8571
5406
7118
7114
7902
7891
9598
7128
6721
8580
9372
9649
8412
6000
9704
9163
6779
6618
8529
9363
5535
9464
7953
6991
7552
6961
5711
7815
6007
6537
5027
6058
9080
5499
6378
9819
6491
7889
8607
5387
8402
9806
9550
7203
7419
7806
5050
9978
8087
7185
8335
8651
8632
8560
7734
9561
6135
6894
6962
5652
8023
9599
9703
8106
9444
7685
7127
6155
7530
9125
8508
9492
5280
8848
8422
7908
5227
8619
6412
8194
8281
5871
7066
7824
5233
8778
5219
9799
7434
5164
8176
7130
8000
5839
9753
9755
9060
9077
6036
5902
7466
5991
7093
5930
8426
6456
8853
5386
9031
6570
9889
5562
6587
9437
8749
7328
7676
9680
8259
5710
6728
8063
8314
6741
8505
8596
9248
5655
5938
5746
7681
7533
9868
9087
5225
7651
5699
9267
7850
7337
8332
5927
5176
10000
5720
6163
5054
5003
5724
9800
6620
9083
7416
9705
6509
6513
5159
6809
6268
8647
7642
8316
6499
5522
7047
6476
7588
8210
9393
5332
8636
9364
7201
5969
8140
8290
8961
5823
8883
5365
6241
9957
7936
5995
8522
7136
7237
7055
5893
9042
6446
8833
6766
6852
8984
8081
6389
9176
5470
9583
5139
9143
5132
7131
9780
5895
5481
9865
6885
5047
8132
7072
9457
8035
9315
5184
8812
9535
7037
5768
5898
6419
8324
5679
9015
5136
7852
7166
8051
8454
8776
9307
7794
7997
5668
5958
9793
9019
5496
8736
5079
5998
8027
7632
7819
9115
8434
7363
8287
6439
9425
8679
7799
8295
9950
8496
6967
6005
6985
7049
5950
8997
8282
9283
6598
7856
5226
6488
5264
6178
6746
6399
9029
8967
9947
7050
5605
8747
8660
9350
7321
9384
7980
5075
6845
7272
6224
5597
7818
7007
5016
9432
8056
7808
9293
9232
6424
8348
5645
7347
9378
7349
8313
6530
5196
8404
8022
6054
7800
7832
9822
8586
6952
7011
9656
9916
6086
7961
5125
9929
5884
8296
6723
5642
7553
5477
5793
9266
7034
9750
7334
6726
8143
5684
9487
9586
9674
9756
8605
8941
5273
7243
8248
6695
7045
8521
9949
5307
9707
5747
6838
8284
5951
8414
6148
6347
6286
6824
7024
6692
5327
7833
9605
7497
8243
5831
9162
5160
5241
7325
5178
9052
8374
9196
6172
7529
8564
7289
6143
5603
7138
9399
9188
7023
7512
7107
7606
7783
6709
6745
9104
6891
8891
9855
7882
7977
5128
7171
8811
9404
8677
8815
8923
9152
5169
5250
6621
7280
8112
9607
9576
5198
7362
5813
9908
8275
7150
5065
9324
5410
6646
7276
7535
6457
6074
6903
6075
6019
5561
5474
6954
7817
5228
7829
7757
6189
5257
7303
6295
9701
9590
9661
6145
6287
7995
6006
5858
5032
9751
6202
9119
8743
7582
6411
8014
8519
9714
6493
8031
7769
6363
9965
5275
6063
9440
5997
9483
5731
7590
9866
6427
9197
5441
6393
8224
7919
6166
9783
9769
6915
9974
7227
9539
7225
8621
5646
7248
9942
7330
6184
7393
8872
8769
5468
5709
8862
7625
6293
5519
9732
5752
8714
6617
9907
7168
9208
9181
7713
7187
7177
5359
5440
5639
7300
9992
8440
5204
6018
9320
7451
6468
7441
6759
5013
7409
6828
8954
5278
5271
9149
7585
8581
9240
6734
9044
5464
5246
5453
9518
9994
9132
7900
7070
5200
9773
8630
5554
7560
7161
9268
8600
7810
8826
9881
6232
6738
8461
6771
5800
8103
9807
5806
5301
6561
8543
6528
7842
6360
9305
9290
6822
5329
8330
5566
9677
5313
6525
6529
8246
8228
9823
7097
7945
5011
5223
9076
6722
7943
8212
5381
8817
8028
9183
9279
7113
9260
9061
6897
9511
6926
5157
6545
6576
6808
6972
6013
7617
7664
7057
6515
5105
6269
5971
9253
8532
7718
7297
6147
8233
9794
9108
8344
8059
6700
7743
6807
6763
8317
7104
7702
8013
7040
7017
6369
9500
9638
6356
5613
7545
8201
9027
7504
8004
7202
8958
5008
9719
5421
5964
8245
8244
8139
5456
8775
8173
6117
8375
8411
8904
8993
7513
9733
5465
6805
7854
6590
5324
7078
7952
6660
6512
6150
5337
9743
7000
6302
7759
8055
5581
9862
7716
8477
6414
9597
7153
7371
8186
7689
8884
5676
9531
8266
7857
6527
5648
7067
9579
6596
5959
9043
5881
7846
7014
7092
8187
9699
7598
9110
7255
6995
5017
6368
5715
8723
8693
7213
9212
7041
7888
9099
5759
6200
7396
8965
8851
8372
5604
8803
8818
9237
8912
9510
7741
5371
5172
7291
8844
5152
6969
6988
7776
8712
8866
7422
9172
9600
6975
8164
7665
7899
8351
6656
8836
7087
9867
7778
5982
6016
7283
6901
9058
6212
6183
5316
6041
8373
8777
6322
7175
8842
8688
9166
9672
9458
5212
5156
7493
5140
9359
8401
9343
5497
6872
7542
9476
7956
5924
6469
5864
5377
9397
6191
6667
9508
8437
7550
8906
9882
7120
6792
5408
9811
6438
7711
6231
8555
7245
6157
9148
7260
8559
9979
5952
9546
8474
7472
7286
9702
7821
5547
5891
7458
8525
9386
9686
5915
7738
9224
5563
8846
6751
5654
8761
7604
7921
8662
7774
8649
9298
6314
6583
6639
7146
7268
9554
9277
7885
5291
7683
7979
8260
5889
7139
5491
9785
9024
7098
6815
9414
6831
7323
8678
5024
9727
7926
7960
9683
9522
6640
5074
6840
7109
5002
9740
6747
9643
7372
9394
6796
8794
7828
6582
5489
6532
5143
6790
9814
8933
6685
7796
5103
5767
5064
6593
7722
5968
5062
6826
9513
5014
6715
5542
5537
6829
9896
8151
6555
7124
7449
5098
6849
8796
8377
7998
8421
9945
6275
6471
6787
6455
9338
6091
9789
7101
8397
7645
7144
6518
6781
5076
9858
7194
5521
7653
9045
8153
9625
9602
6659
5328
7640
5331
5475
5612
9402
9715
8641
7125
6933
7224
9587
7671
7215
8637
5122
7729
7742
5738
7910
7219
6966
5454
8822
7940
8876
5501
9943
6965
9007
9973
9519
7211
7694
6635
5744
9449
7006
9861
8608
8191
7418
9813
7054
7987
7411
8799
8441
9851
8594
5167
6836
8413
6614
6520
5815
7761
5610
6930
6211
7883
5741
9968
5115
9095
5963
6714
7251
7944
5314
7516
6364
8220
7004
6197
8321
8863
8774
7222
7359
8016
6506
5850
8369
9791
8361
5703
6025
9281
6850
5401
7838
9456
7264
8183
7440
5899
8171
9767
5587
8034
9075
5151
5607
8565
8074
5235
7241
8504
6242
7674
9180
9312
6345
7525
5972
8076
7232
7942
9460
5102
6982
6908
7182
7247
6199
6997
9344
8252
6305
6326
9002
8179
5276
8558
5409
9967
5367
7946
5669
6720
8346
5137
5085
6024
6186
9128
8274
5555
9294
5820
8046
9022
5551
5038
9409
7151
5173
8443
9673
5429
6672
5845
9396
9300
8141
6254
6185
6633
8469
8653
8352
9469
7859
7469
6477
6754
5866
8154
8010
8687
8860
5832
9204
9986
9815
6012
5755
9436
6699
5745
7570
5057
6070
7698
9828
5688
8367
8092
9046
5742
7537
5687
8672
8839
7341
9660
5375
9505
7793
5528
6377
8738
5802
7277
9734
8188
6825
5297
7454
7558
9391
7209
8432
9040
7855
5868
9164
7684
7444
6281
5775
9139
7207
9114
7453
9318
5317
9366
5269
9836
5437
6032
6696
7858
6237
8820
5289
7709
7226
9642
6657
5368
5417
6495
7348
8196
7115
6823
8083
9096
5422
9280
7571
9130
6049
5120
9766
7746
6579
5263
9925
9217
7442
9549
5527
7369
9895
8584
9717
6992
6394
8216
5438
7965
7480
9228
5565
6357
5299
6562
7254
9770
6279
6262
6964
9540
5937
6379
9808
7600
9006
8536
8049
7575
8119
9445
5026
6780
6625
8748
9569
5656
6575
5067
6127
8692
5862
6535
5700
7957
5732
5199
5882
8715
7206
7877
5695
9621
7976
5960
5835
8466
6319
6563
6503
9234
9749
7728
9049
8744
5621
6580
6022
6391
5423
6327
7261
5205
7103
6160
9854
7703
7853
8495
6917
7655
8578
6467
8148
6459
5585
9980
6568
8972
8889
9452
8624
5158
9530
9679
8491
9572
7204
9086
9928
6136
6228
8968
7193
6397
5215
7505
5780
8403
9426
9371
7293
8476
6500
7675
7775
5340
7903
5254
5432
6425
6996
7162
8804
9488
6479
6328
7807
8864
5829
9156
8966
8155
7660
6748
9390
7701
7740
9289
8708
7906
6569
5660
9796
7765
9939
9913
5578
6443
7649
8180
7534
9103
9502
9101
9654
8924
6511
6330
9958
6546
8926
5374
5514
5529
6927
8800
5319
7479
8908
8918
5848
7282
9748
6257
7483
9478
9455
6538
7064
7111
6304
8561
7811
9648
5592
6833
6804
8711
8556
9659
9633
8995
8105
5760
9520
9720
6103
7102
6194
5763
8699
7594
6768
7258
5702
7059
6960
8932
8837
9728
5571
9953
6544
8362
7089
5446
7486
9206
9131
8789
9333
7374
5548
6623
8570
5944
5869
8208
7273
7911
6909
5093
9927
5909
7158
8293
7897
5467
6057
8376
5649
5202
6044
8226
9832
6354
7332
8939
9764
6321
6801
9878
5517
9215
6233
9048
9831
8729
8809
7688
5740
5502
7509
8128
8781
6409
8468
9962
9278
9368
6076
8392
5804
5333
5119
8136
7745
5772
8741
5048
8303
6376
8465
9956
7386
5179
5624
5476
9738
8385
9567
6244
7572
8030
8782
6651
6408
8168
6258
9242
7424
5310
9650
6331
7163
7433
6517
7106
7192
7352
5147
5838
9067
6216
7501
7494
6584
7417
9053
6938
7184
7350
8540
9573
7549
8442
6626
9034
8727
5063
8513
9685
5785
9533
8910
8388
8609
7719
8481
9752
7345
7663
5255
5934
8100
9009
5983
7636
6141
6727
7540
7984
5900
5305
8094
8897
9560
9161
8554
8895
5049
5061
9416
6406
7223
5506
5420
6073
9860
6106
8184
7523
9863
9094
8539
8911
8633
7622
7930
9135
5602
8241
5379
6560
7156
6551
7415
9557
5989
6848
8988
6126
5682
8026
7601
6176
8978
9644
8669
6217
9160
7994
9757
5762
9367
5201
6165
9202
7379
7837
9116
6396
5072
7310
8574
6441
5907
7445
6436
8885
8880
6445
7641
5626
5786
6346
8881
6372
5498
9887
9684
9203
9251
8683
9596
6301
7866
6566
6697
9037
8703
7063
6800
5097
9225
6812
8268
8218
7408
5511
8974
7562
8982
8704
9670
6158
7378
7122
7557
9688
8567
8156
8551
6033
9140
5726
7951
6481
9555
8827
7244
6613
8144
6864
9314
6125
7365
6367
9690
6896
9816
7619
9489
6410
8096
7726
9695
6120
8214
9532
8668
6307
9424
6229
5801
6303
8877
8333
6843
7339
9762
6641
9238
9541
8038
9595
9275
7145
7353
6652
9477
9146
6607
7917
5224
6315
7394
7988
5948
8523
8435
9438
8329
7569
7361
9818
8009
5260
6238
8099
7437
8645
5576
9776
8537
8499
9653
6870
7985
9408
7548
6296
7682
8320
8085
9282
9347
8415
9614
7586
7377
9081
9730
8107
5730
8037
7398
6219
7864
6278
5876
8950
5044
6958
7068
5015
5183
7477
8265
6398
8185
5533
6198
9274
8047
9952
8756
7443
8135
6942
8365
5242
6791
8002
7826
9835
6387
9894
7428
6195
6731
5764
7657
6806
7414
8159
9970
5214
6910
7438
5311
7736
7970
5787
5658
5503
5388
7584
7116
8006
9157
6392
6466
9252
9911
7967
9485
8962
6928
9859
9383
9265
5904
8601
6686
7762
7046
9036
8603
8115
6732
8733
5761
8701
5053
6821
7692
7863
9336
7771
6161
5266
9833
9296
7490
7169
5217
9191
7628
5394
7197
8420
8959
8053
8980
9167
9498
8357
8445
6737
6507
6069
8585
5052
6203
5696
8575
9481
9376
6557
5567
5101
5086
6149
8383
5033
5488
5870
6405
6089
9725
8203
9361
7851
5512
6265
9982
8257
8052
6837
7637
6079
9055
9667
6026
9313
7351
5678
9200
9716
6309
6755
9377
7061
6139
6936
8963
7812
5445
6111
8829
6793
8157
6931
8109
6442
5593
9645
8478
8254
8227
8123
9262
6788
9700
9706
7920
7782
6947
8955
8368
6889
9182
7135
5444
6230
5564
6140
6874
7725
9084
7132
9463
6289
6742
6027
7191
8658
6192
5596
6611
7912
5697
5572
9735
8616
5734
6887
6818
6337
7436
7421
9671
9353
7929
8048
6055
9558
9423
8360
9594
9328
5056
7730
6899
9886
9072
8871
6752
8948
7218
9112
7016
5661
6612
9772
7315
6010
9018
7340
8417
5917
9918
7574
5193
5418
5618
7468
5653
5966
7526
5355
9547
7500
9570
6014
5353
8618
8927
5872
6386
9329
8547
9411
7367
8073
7100
6023
9778
5380
7520
6713
5336
7659
7029
8797
6087
6819
5643
7519
5557
6260
7795
9013
9066
5636
7108
8590
8566
9033
7455
9345
9521
5728
8757
5856
9548
8309
5577
6395
8524
7485
6151
8620
7091
7257
7159
8448
6187
9226
6420
5842
5601
6531
5419
9005
8750
8060
9991
9847
9141
8108
6236
9451
9250
7845
5114
7576
7400
6045
5494
8199
9537
6712
6325
5686
6473
5518
5558
5405
9915
8975
9001
8807
7464
5039
8631
9989
9999
8764
9932
6085
7473
9010
7165
5932
6437
6002
8298
6129
7488
6283
8831
5486
5632
5628
6979
9142
5508
7668
9497
6813
5717
8806
8363
8710
8888
7250
8270
7792
6859
8483
5034
6925
8606
8319
7457
8646
9339
8197
7610
6953
6949
6542
6835
6589
7465
9419
7696
5825
7214
8090
7563
5133
7376
5203
9565
5126
5207
5130
9427
7978
6767
6294
5281
5483
5680
6951
9934
9675
9516
7010
7528
6539
6119
5111
7780
6770
5109
7456
8902
8497
6533
8512
6004
6762
9912
6498
7679
5060
8079
6300
5346
9721
8870
7412
8696
5376
9592
5392
7554
9993
5903
9401
5975
5595
9506
5888
7450
6934
9504
7521
9651
6939
7595
5290
9891
6094
6811
7695
9175
7230
8917
5513
7672
6655
7669
5258
8464
6253
8104
5525
8841
8994
8175
5805
6375
8930
6653
8971
9664
7461
7186
5116
8915
6432
8380
6632
9781
7460
7708
7583
9857
8613
5928
9577
9593
9472
5154
5818
8730
7463
9098
5625
8353
9054
9380
7399
7405
9173
6029
5877
7410
7705
8116
8205
7189
7803
9786
7508
8998
5635
7648
9355
7928
9323
8239
9220
7733
8682
7700
8122
8531
8167
9201
6351
5515
6526
6905
5231
5974
9981
6547
8983
8810
5174
8041
6114
7990
6382
9877
6693
6255
5890
6059
8276
7313
8418
8957
9079
8398
9534
7690
7239
5867
9255
7827
9071
9165
9011
8200
7954
7933
5025
7822
6153
8054
6536
9729
7959
5796
6497
5182
8509
8894
5941
5123
7356
5546
6701
7849
8394
9403
6318
7085
5171
7748
6124
9310
6190
9628
6877
8900
8960
7871
9245
5854
5400
5844
6478
6404
7366
6407
7543
9635
5894
9407
9566
6361
5694
9507
5390
9722
7605
8792
7105
6373
8576
9297
9765
6470
5560
7802
6344
8886
8005
6334
7071
5330
8999
6678
8553
9951
7336
5504
5608
6390
7314
5733
5378
8753
9211
5713
5784
9236
9591
8308
8419
8850
8550
6564
6980
9581
6638
8593
6540
8325
8492
7096
8189
8731
7633
5886
5523
7531
6484
9493
7030
7777
6248
6388
6465
9287
7781
6556
9696
9647
8944
8134
8681
9459
5035
7913
9385
9613
6778
9588
7556
6609
6663
6206
9678
6078
9284
7489
6578
8670
5243
9373
8315
6789
8821
7031
7427
6782
6706
6463
7609
5191
6884
8690
8989
7539
9056
8845
5770
8089
5650
8019
7767
8940
8292
6431
9903
7200
5177
8017
5779
6400
5920
6440
8001
7002
5817
5436
5249
9227
8337
8242
6834
7580
5149
6681
5705
8834
5112
9768
5259
5354
6065
7134
8659
8882
8713
9446
7579
6115
5083
6401
6298
7962
8379
6447
8318
6636
6426
8538
7831
7426
9849
5701
5722
6062
5638
9652
8725
5369
9893
7710
9032
5574
9563
5708
6761
8097
5295
6670
8327
5138
8485
6844
7547
6989
6454
8865
5037
6669
6937
7763
8787
8299
9790
9210
5918
5161
7333
6017
9395
6444
9963
7927
7129
7195
8802
8896
5239
7613
7797
6267
5553
7019
5286
8235
8526
5343
9825
7326
8541
9995
6675
7425
6132
5339
8378
7966
7536
6784
8129
9117
5976
6359
6292
8501
7538
5338
8101
9471
6306
7847
7181
7137
9509
5794
8300
6594
5859
7894
7756
6462
9782
8665
7904
7327
6077
7220
9035
8765
9636
5912
9975
9589
7886
9709
6679
6839
7658
9812
6109
6280
9443
6817
8206
7612
5539
5351
7611
7931
5509
8277
6912
6099
5334
7607
5981
9316
5341
8040
6662
6285
7608
9122
7256
5670
9875
5988
8610
9306
7787
7380
8328
9213
9827
7789
9221
8500
6031
9930
8740
8562
9824
9843
5045
9124
9718
8457
8011
8018
7880
5236
7717
8381
6047
5245
8312
5936
7368
6735
6628
7435
5953
9575
5790
8705
7147
9121
6687
7439
7174
7791
7148
6118
8192
6851
6567
9840
9821
7335
9090
9171
7299
5847
9341
6718
8617
5520
9977
7869
7269
9864
8289
7481
7809
6243
9662
6924
8366
9231
9937
6336
9159
6893
9429
8788
5384
8124
9627
5846
9106
9270
5416
8935
6174
8427
6644
7686
7216
7704
8163
8424
7932
6249
8859
5479
9741
6643
9871
7996
9325
7615
7123
7502
6403
5707
8273
5131
7271
9085
7221
9841
5370
5942
5363
5833
8234
5704
6038
6167
8484
8987
7735
7077
6615
8921
6629
9616
9820
7750
9462
8546
6622
6061
8676
8922
9465
9299
5096
7298
5541
5458
9839
7764
7670
6739
8407
5691
6288
5967
8823
9258
7401
9138
7015
7143
6892
8857
6450
9713
5538
9897
9272
8264
6422
9303
7069
9470
8088
8021
9370
8717
5155
7389
5619
6777
8654
5776
8169
5492
6708
5827
6385
8847
5693
5312
5090
9609
5279
9898
6794
8160
5012
7706
6050
6868
6107
8399
8953
6496
6096
5939
9798
6263
7370
8215
9723
8488
5463
9068
6402
9698
7923
5659
5979
8261
7305
5798
6358
7391
9381
7823
9218
7036
8213
8548
7083
5175
7551
9223
8050
6654
8732
8768
6744
9990
7915
7499
7816
6056
5874
5812
8973
7677
8133
9568
8824
9615
6137
9601
5473
9199
6210
5190
7867
5956
8341
7354
5073
8780
9198
9899
7395
7515
8694
7274
6649
8801
6290
8493
6624
8498
8396
9158
7947
7747
7896
6854
7384
5771
5743
9884
9357
9874
7080
5342
5830
8349
8855
5300
6983
8773
5822
8854
9745
8742
8942
5582
9482
6534
7448
9230
8516
9669
8535
5094
5883
8012
9331
7249
5462
5457
8791
8887
5345
6464
7357
5192
7338
5910
8162
9263
7086
9850
6159
5569
7021
5637
8905
7879
6795
5321
7950
8130
9988
7322
5412
6691
5803
5240
5568
8552
8230
8920
6093
9113
7875
9374
8868
8490
8577
9192
9845
8438
8405
6921
8671
8592
9919
6945
8345
7281
9089
5404
7142
9008
7801
7152
9352
9466
8985
8798
6180
6999
8952
9984
8225
5493
8384
5757
7308
8425
6090
5415
7834
7699
5106
5765
9308
6603
9021
7319
7043
9515
7154
9239
5435
8217
9322
6772
8150
7081
5718
6665
9194
9931
5309
5366
6095
7205
8673
8557
5382
5531
5265
6565
5663
6030
7312
9450
9435
8400
9544
7981
8790
8080
6034
7814
8475
7088
8356
9869
6814
8706
8459
5431
5665
9041
6876
8583
6750
6725
9960
5961
7229
6549
7680
7661
5575
6920
8044
7491
7140
6083
8126
8480
6449
6071
6902
9100
5549
5194
6460
6490
9185
9326
6040
7432
5778
6948
8446
8258
8142
8152
8588
8102
6774
5947
8473
7597
8072
5292
8808
7240
6647
8062
5821
9025
6798
5552
5945
6882
9118
5320
9604
5849
5211
6179
9687
8938
9392
5484
8447
5210
6355
5272
5195
6068
7887
6239
6950
5095
5782
9524
7510
5230
5251
9020
9078
9760
5433
8223
9214
9774
7820
8925
6553
8874
6486
6251
6976
8805
8663
9542
5237
8579
6214
9954
6485
7287
6919
8956
6173
8674
7564
7691
9529
9624
9261
8964
6776
8599
9921
8256
8278
8838
8110
9580
9830
6642
9288
7430
5267
9038
5766
8722
8382
5985
9389
7155
8082
8604
7471
8423
5042
6101
7344
7518
9178
8486
7039
5485
8172
9676
8981
8928
9304
6082
9387
9976
6003
7830
9186
5253
5058
8395
9050
7616
9946
6226
8830
7503
8077
6348
7498
7119
5326
6001
5287
6256
9657
8907
8652
6240
8544
6208
9512
8334
5674
9742
5996
7005
5206
9933
5916
5031
7732
5994
8307
9136
5426
6218
5879
8754
5914
5769
7360
9629
6711
7587
9120
6271
6987
8236
6758
8231
9666
7309
9190
7697
9441
7090
8291
9904
7541
6353
6860
7647
6193
8664
9398
7593
5516
9410
6674
7343
7715
7044
6413
7739
6883
5828
5285
5647
6601
5315
8951
6170
9195
7599
5905
9606
9948
7881
8852
5980
9301
9151
5288
9805
9737
7678
7567
5729
7112
9070
5117
9168
6037
9801
7099
7263
6957
9938
8118
5187
8914
6461
8158
5837
6339
6475
5834
5439
6483
6130
6480
9468
8065
5018
8138
8533
7003
9028
9852
6343
6352
5127
6898
9996
7971
8294
7635
6312
9360
7231
6973
8068
7212
9623
5393
7008
9073
8288
6581
7506
6878
7779
8628
7890
9205
7602
6978
7848
8209
6196
9434
6284
9375
8174
9014
6080
8007
5082
6673
7916
7157
7646
8238
8479
7638
8779
5455
7721
8240
7238
9574
6875
6472
6571
6097
7402
6717
6201
5461
7573
6606
8518
9682
7714
7544
8869
9744
8219
7909
6684
9941
8591
6707
7723
6610
9420
5617
9612
6664
5069
7773
9365
6039
7790
7731
5229
6324
6865
9905
5197
7561
8772
8409
9564
6866
7385
9321
6986
5357
5946
6703
6222
9147
9694
7939
8280
7228
9964
6585
9622
5141
9784
5807
8614
5651
6733
9051
5683
6519
7133
5852
5256
9838
9959
7785
5824
5878
6863
9910
5748
5358
6152
6600
5836
5955
6869
5754
9107
7495
8467
9295
9940
5362
9264
7986
6853
5023
8489
5397
7095
9517
5719
5657
9082
8945
5150
6021
8947
7884
5590
6857
9617
8611
9358
9646
6677
7262
5430
6943
8582
8709
5666
8114
6832
9880
9169
7307
7751
5022
6175
5398
8589
5586
5232
9285
9747
6918
5534
8146
7860
5826
5046
8656
6698
7478
7941
8909
9746
6841
6207
8634
8286
6133
6785
7075
8597
6856
8697
6042
6630
6900
7938
7650
9527
9405
7082
9486
6458
6521
6342
5402
8093
9759
6365
8145
9057
9496
8986
6572
8569
9553
8867
6880
6810
7841
9276
9406
8301
9640
6729
7507
6608
9883
6974
6221
7484
8008
6246
7788
9966
7176
8977
9319
6227
9430
9731
7476
9971
7180
7687
9179
9023
6046
7969
5248
5685
7893
6131
9710
6683
9618
6627
9873
5970
9724
9619
9145
9837
7925
5524
8456
7955
6602
9193
9209
6282
9848
8739
8193
5792
5736
5234
9639
9207
7025
5452
8770
6764
7065
5689
9797
9771
8763
8700
8913
5756
9354
8695
8113
7413
6428
5600
5935
9834
5692
6338
7462
5247
9309
9317
9608
5277
6252
9562
7527
5672
9484
7973
9273
5855
9257
6482
7568
7429
6694
8350
8204
7172
9133
8416
8638
5373
5099
9246
9998
5442
6592
7487
5992
9442
6890
7042
7294
7420
6105
7183
9961
8015
9914
7654
8515
8463
5809
9603
6489
7754
7712
8707
6970
5816
5814
9775
8161
6559
6913
8358
6543
6574
7051
7737
8639
6272
7026
6862
8507
9448
6164
7720
7387
5360
8322
8229
5536
7266
7117
9641
6333
9461
8410
9340
9097
5550
5081
9997
7755
5887
5121
6650
6922
5532
8045
7296
6474
9499
7524
5627
8032
7934
5962
5698
8070
5411
6064
7662
8117
5591
7467
7666
8323
6946
6619
6297
6508
5777
8642
8563
9091
5427
5712
7167
5077
8542
6317
7707
8177
5863
5469
5620
9637
7825
8856
5019
7727
9422
9879
7324
8311
9000
8843
5931
7094
8095
5480
8527
5819
5135
6209
8033
5005
8502
9692
6098
9494
8057
5092
5348
8003
9630
8086
9556
5599
9712
8272
8390
6349
6320
7342
7079
5579
9955
7012
9885
7431
7149
8066
6599
5851
5897
7766
7892
5153
7290
8331
7514
7052
8131
8249
5282
7798
5675
6418
9870
8648
8458
5407
6550
5004
8178
7288
5108
9418
7164
8893
6362
6374
8222
6415
8879
9016
7404
8302
6430
6072
6634
9330
9792
8389
5434
8370
6015
9826
7843
8684
6760
8934
8937
7935
9526
5180
8450
8946
7346
6053
6855
5885
5690
6154
7199
6923
6769
5306
6366
9922
7270
5129
5530
9689
8698
7001
6266
6121
5860
8901
5727
5450
5758
9920
6310
6501
6259
6274
7589
6955
5347
7038
5977
9901
5168
6146
5414
5681
8084
5262
5222
8602
8042
6846
5303
5293
5216
6690
7320
7259
7190
7252
7053
6895
7949
9697
7235
6971
6940
6329
5078
9177
7752
9012
8785
6586
9431
5070
5350
6705
5507
9335
5428
8666
8720
8644
9189
8111
5797
5580
8247
6757
6487
7620
9102
6416
8029
7381
5218
5298
6756
8190
7862
5584
7772
7141
7027
5545
7233
7770
7844
6250
6215
5403
8339
5505
8251
7284
5606
5071
7388
9663
9491
8931
8406
9292
7565
6433
6048
5308
6676
8024
7603
7629
9888
5294
5721
8814
8685
5424
9026
5644
7121
8520
7768
6340
8471
9415
5750
8755
6434
9235
8269
6993
6350
8549
9074
9433
9417
7555
5356
8793
8487
5208
7275
