184 434 494 184 367 593 144 913 387 148 891 988 852 520 451 491 327 176 864 452 340 759 609 995 494 791 939 927 755 988 618 291 423 464 475 790 57 972 55 796 120 298 136 973 819 587 816 498 116 32 
303 456 791 264 804 637 408 743 916 163 84 886 454 507 350 281 649 759 253 56 555 726 355 691 51 526 279 867 376 395 899 679 203 42 296 7 680 704 103 948 867 187 835 673 46 185 954 47 945 208 
455 852 934 162 544 985 688 823 852 417 570 103 448 125 145 744 133 177 448 588 126 315 775 313 988 173 498 943 220 795 503 27 648 437 190 544 774 230 719 978 647 289 81 96 766 578 840 251 756 289 
839 234 956 614 547 297 139 397 592 359 545 95 739 545 884 929 89 658 159 808 636 807 449 69 255 215 647 95 467 755 736 306 989 45 273 888 342 412 638 934 124 183 381 863 80 265 144 169 275 303 
329 911 462 778 332 717 345 979 165 164 735 253 823 76 298 448 317 640 212 955 574 336 490 955 551 570 572 695 91 847 351 420 110 813 550 442 531 895 774 48 412 861 301 235 289 600 683 606 592 895 
913 167 584 403 474 135 325 47 183 416 246 534 836 357 347 738 151 230 634 925 630 398 786 932 633 76 884 668 34 476 563 948 995 499 351 822 987 29 869 170 445 467 56 634 824 755 372 976 338 358 
253 968 756 392 252 741 468 488 409 854 965 325 802 312 824 506 134 811 535 3 981 980 471 389 966 647 145 691 975 483 49 229 803 158 621 56 899 441 544 661 295 861 986 450 174 810 956 308 622 843 
664 955 823 487 345 142 134 842 833 110 325 234 691 128 744 312 536 996 105 81 657 752 294 643 202 468 805 158 777 779 1 441 735 177 928 432 671 414 626 856 876 303 442 567 783 187 231 320 535 336 
753 192 89 47 187 291 868 992 802 645 124 155 438 211 684 718 995 355 132 621 563 9 924 6 576 59 545 808 379 80 496 484 624 585 884 811 229 752 155 31 749 279 538 187 842 223 905 837 930 389 
458 494 398 734 852 327 794 397 487 525 829 983 10 453 921 246 264 150 998 771 533 747 403 71 286 245 646 191 83 929 580 893 775 331 628 627 10 774 376 849 299 205 832 661 658 105 907 274 607 257 
45 140 356 448 564 642 46 210 185 481 139 118 374 266 449 354 893 811 128 269 660 780 826 844 441 484 950 701 758 557 310 156 50 667 956 614 661 2 176 847 483 668 965 210 934 766 564 180 577 693 
801 237 473 628 433 266 464 735 319 575 645 982 731 695 649 687 661 310 42 189 509 877 209 474 87 496 592 652 676 169 697 829 758 522 457 192 140 274 279 812 849 924 794 932 619 795 971 632 105 13 
822 967 243 31 441 682 527 34 334 555 555 383 385 666 257 194 858 398 820 137 562 669 414 356 601 33 151 573 18 608 938 192 575 533 223 369 216 103 403 902 10 310 286 747 976 895 942 186 645 762 
676 207 784 90 563 737 475 66 662 493 675 953 685 602 486 261 971 702 716 726 605 726 37 243 474 13 138 768 200 136 882 876 343 666 966 907 404 441 325 66 287 0 19 972 955 858 233 926 560 301 
653 517 28 690 112 854 703 603 622 255 739 504 131 82 523 449 341 927 243 667 345 530 19 717 502 974 575 88 901 487 389 906 5 769 596 469 623 651 72 245 907 811 102 390 246 625 840 587 904 83 
606 249 613 626 318 467 952 245 555 205 733 297 111 90 66 59 559 690 711 632 287 970 443 389 360 689 366 552 629 270 635 235 872 600 213 190 420 166 436 327 371 169 624 483 259 691 542 170 733 605 
802 20 575 598 762 288 639 128 840 268 399 828 856 271 428 69 461 200 235 249 528 959 418 152 442 29 195 336 200 928 294 354 949 869 952 711 157 592 839 350 212 590 178 68 861 958 138 675 159 725 
924 687 684 695 191 478 724 387 167 276 315 461 631 616 682 935 679 840 527 871 190 92 461 368 512 675 678 650 350 837 728 626 524 764 321 716 243 398 455 762 26 770 223 657 739 905 593 418 97 472 
289 639 916 103 359 429 778 38 431 480 875 159 106 752 276 780 820 871 178 275 633 204 397 208 214 136 113 159 907 563 983 548 202 900 651 914 329 781 952 760 261 179 272 720 283 548 500 103 419 30 
730 404 586 480 612 800 968 77 311 875 640 295 424 195 547 427 461 228 209 413 340 822 944 612 542 228 512 42 683 283 72 414 687 11 894 651 811 214 729 475 90 721 122 866 268 669 293 729 897 854 
494 237 677 439 202 219 19 714 614 702 998 38 116 37 49 362 689 213 577 770 688 19 491 810 885 112 479 530 841 728 737 688 965 414 127 167 985 146 234 599 848 584 990 317 973 39 31 662 252 608 
432 292 979 276 102 864 388 933 747 581 661 484 269 979 250 748 498 235 246 732 187 447 668 529 764 642 568 147 656 173 756 441 817 735 717 920 952 457 205 51 390 219 535 660 198 137 408 48 372 7 
781 911 454 801 440 570 443 361 717 100 886 825 541 703 561 610 623 865 67 181 916 457 400 803 469 950 940 230 998 664 237 779 576 43 933 368 613 376 729 330 828 967 156 369 671 69 331 646 934 750 
827 202 560 227 5 29 177 297 611 528 961 848 659 889 243 592 610 856 969 691 187 797 659 695 519 330 764 850 976 50 601 804 252 161 383 609 542 913 258 154 441 571 354 100 461 598 45 423 454 14 
114 993 163 773 688 34 455 804 885 432 854 838 588 458 351 323 419 893 236 677 399 29 249 754 482 62 704 527 485 510 893 599 504 408 373 544 443 828 349 680 612 555 518 200 14 221 876 433 114 464 
111 866 494 360 620 328 774 676 207 259 186 452 858 690 860 583 587 303 764 936 983 376 491 853 929 857 74 805 291 541 269 754 407 115 466 379 795 240 55 2 499 241 454 357 284 315 941 871 970 57 
159 306 433 2 159 362 860 586 519 503 479 789 257 886 256 723 617 52 315 672 406 814 913 861 523 549 528 816 772 498 873 931 804 307 934 316 21 146 254 893 649 733 34 906 971 290 981 588 342 296 
260 749 462 525 962 985 427 490 802 199 340 675 131 497 334 417 165 708 563 419 601 564 504 635 822 475 925 155 415 620 451 27 721 265 552 35 250 979 525 404 531 217 80 662 714 766 431 879 474 346 
650 427 910 506 62 84 333 340 239 748 960 690 775 33 307 680 68 557 11 945 962 542 514 394 556 229 512 987 460 987 685 463 766 947 969 829 31 303 169 270 403 481 312 179 866 619 859 286 529 870 
583 491 765 97 237 321 678 749 661 491 88 346 954 855 294 275 36 677 930 205 948 334 38 612 865 904 232 724 542 761 946 125 604 711 222 841 33 901 942 46 392 31 392 698 238 38 325 274 716 256 
479 16 942 869 628 807 125 212 531 667 325 829 792 281 541 14 122 926 267 417 972 11 448 716 709 686 755 35 960 471 643 791 487 585 12 467 392 137 680 275 156 5 104 948 639 997 314 761 923 934 
530 247 945 978 964 655 16 719 42 328 542 685 471 381 270 483 848 14 972 528 289 128 886 745 428 525 743 95 638 18 29 169 266 974 499 230 629 868 301 23 196 843 708 668 224 330 503 424 344 828 
953 985 956 191 731 737 68 826 832 58 844 861 579 462 835 431 44 817 299 345 840 495 540 901 515 116 231 371 541 928 199 846 265 507 37 348 244 457 174 76 867 371 937 799 185 125 230 230 942 529 
927 782 376 468 35 892 584 267 263 125 547 814 971 164 321 360 513 566 169 39 994 37 762 932 188 948 57 418 178 351 947 105 485 323 573 521 567 510 140 182 635 39 996 959 203 318 319 716 236 841 
756 230 230 870 514 418 818 923 836 996 274 135 454 112 810 379 633 378 889 125 912 877 164 909 836 367 579 507 436 167 348 544 397 930 414 264 348 233 187 536 229 814 671 35 926 482 415 559 212 304 
36 124 533 200 385 369 567 316 229 3 483 929 547 233 860 962 497 560 547 36 97 128 850 120 164 776 954 579 687 166 235 723 643 769 275 380 490 843 49 719 198 884 1 98 117 861 412 966 421 959 
3 870 87 205 991 251 334 945 182 21 464 770 97 459 891 372 839 733 567 888 805 118 125 806 216 594 19 980 561 440 939 916 663 378 473 654 982 807 951 516 829 415 286 278 874 529 2 66 263 570 
306 68 40 431 226 608 26 245 588 939 685 879 855 700 609 328 354 591 488 658 460 669 73 98 947 300 628 301 366 243 223 24 311 263 456 537 871 834 134 811 773 171 42 980 872 652 660 226 595 148 
236 407 817 310 506 116 962 134 418 680 377 641 704 40 257 512 929 480 346 63 292 119 234 686 99 458 690 112 37 638 260 273 45 430 583 551 546 897 37 316 577 766 958 282 158 215 794 439 695 141 
854 339 612 441 378 64 899 68 176 936 706 788 210 752 218 145 655 117 43 693 433 620 459 743 254 618 310 49 57 358 542 264 697 506 705 427 570 604 496 98 541 554 887 751 306 457 248 314 926 291 
7 360 264 818 455 518 788 766 567 198 124 461 462 173 320 167 601 890 771 449 341 664 3 580 767 310 389 16 976 316 307 983 676 571 153 131 90 942 249 9 492 373 823 954 899 143 473 500 385 596 
949 78 261 952 658 28 614 48 44 590 364 704 925 392 627 431 875 69 373 125 431 217 850 254 171 749 749 996 249 134 592 550 213 853 855 223 234 469 623 630 412 987 334 689 731 962 120 959 383 845 
84 814 62 934 420 585 36 169 581 637 656 526 188 221 379 43 444 965 864 420 596 276 407 930 318 491 244 438 450 980 284 886 794 698 172 215 636 208 384 217 846 392 95 386 613 827 429 410 792 645 
830 388 274 589 671 592 432 267 30 882 247 666 120 42 717 293 609 353 853 345 922 51 738 18 437 703 845 218 113 989 864 295 378 138 237 401 82 669 668 112 904 268 131 24 310 848 669 271 553 875 
616 475 926 354 493 716 58 690 286 523 680 502 171 410 992 408 163 74 77 831 539 981 451 670 358 761 870 379 32 423 254 1 250 533 355 96 249 765 786 535 641 818 390 812 580 382 572 743 457 649 
927 996 983 378 18 693 492 888 72 876 663 327 877 913 212 585 361 461 702 500 348 343 318 738 507 251 121 79 346 930 81 273 926 64 4 944 757 848 184 181 724 199 860 954 464 72 891 826 533 593 
326 234 289 996 324 148 247 797 228 594 727 309 219 653 725 575 949 834 423 133 15 148 684 876 454 149 948 345 975 834 290 653 420 579 649 744 728 249 542 308 843 269 969 414 275 46 990 224 880 413 
710 247 913 394 475 367 543 776 64 870 962 355 523 382 286 525 478 14 774 372 674 969 642 643 383 269 689 373 493 921 139 555 521 52 950 996 772 845 124 836 68 438 543 943 172 830 468 651 844 242 
23 519 563 17 514 947 638 204 672 132 477 811 39 998 216 989 347 340 187 823 528 255 262 72 550 434 902 19 437 98 613 461 969 177 830 484 124 469 40 148 953 517 312 992 868 880 334 215 220 873 
390 748 128 652 172 30 439 74 49 876 525 663 689 494 192 520 330 668 341 722 816 646 592 480 990 460 360 676 27 932 549 417 681 29 422 853 60 861 280 109 737 805 124 779 651 316 651 334 336 992 
56 153 990 648 985 980 460 346 657 839 278 206 257 311 588 31 517 648 892 149 757 981 954 234 760 957 902 411 291 239 755 348 744 97 348 729 78 809 427 87 648 58 645 257 721 233 640 238 881 884 
739 991 218 693 577 978 3 479 742 294 70 849 994 814 299 695 896 377 504 675 816 504 85 813 114 807 47 754 397 280 991 137 623 209 182 200 539 185 680 633 832 102 835 178 269 134 873 517 863 729 
192 679 234 630 492 700 437 891 806 186 524 797 323 147 6 858 348 898 395 380 531 579 834 366 758 103 500 983 620 363 713 165 394 299 795 239 999 584 130 157 770 6 955 446 154 313 656 854 563 51 
586 95 631 420 461 741 876 314 724 496 677 437 13 424 736 160 663 87 744 793 597 867 800 552 665 306 217 321 512 781 372 98 228 355 870 41 96 746 355 173 595 385 610 608 809 699 121 472 138 865 
617 735 84 769 639 749 427 209 70 939 342 795 37 570 150 260 611 599 6 319 772 601 704 734 562 865 433 683 337 924 900 954 659 985 76 299 86 503 860 157 443 202 952 832 772 454 92 735 405 451 
54 177 404 758 912 966 623 697 1 312 973 902 619 633 239 695 284 325 550 144 834 993 698 138 178 470 945 622 205 350 73 260 528 478 370 792 796 346 841 798 10 815 52 629 800 643 676 436 320 227 
932 155 572 630 645 102 452 590 725 657 941 798 269 821 628 992 965 425 690 806 575 700 973 627 682 125 622 358 561 942 937 845 97 862 475 743 964 279 685 41 937 626 840 558 799 468 550 764 245 592 
923 820 293 896 799 975 374 421 685 935 364 975 133 813 837 960 556 153 240 594 195 177 220 387 87 20 855 990 136 453 582 59 273 875 956 73 202 330 494 240 617 858 215 750 672 404 63 580 557 303 
526 752 832 747 139 919 119 347 909 255 800 844 315 425 71 623 498 274 305 345 514 274 203 81 377 227 485 440 160 42 743 686 147 575 785 638 494 256 337 756 864 489 600 531 915 671 154 765 297 811 
110 163 85 666 244 814 893 81 254 405 476 997 444 623 924 229 613 419 486 951 527 350 792 127 233 707 150 387 473 800 550 935 963 987 601 560 802 847 641 56 252 117 406 696 92 330 278 706 101 116 
9 628 818 801 107 51 861 610 790 686 410 340 621 725 327 223 285 481 422 279 890 674 396 296 723 841 626 1 899 80 117 908 708 287 61 168 338 274 778 128 960 540 468 934 265 147 509 551 629 931 
182 519 957 578 167 680 771 145 33 670 225 502 930 286 789 992 454 127 618 584 255 931 124 75 865 741 575 374 644 556 657 826 75 614 757 594 647 528 739 32 199 965 535 129 251 676 473 57 804 92 
641 411 23 117 839 240 858 414 966 503 970 623 329 397 589 438 991 236 967 730 269 166 47 156 647 650 832 121 707 988 565 348 752 588 817 591 180 676 357 146 531 327 121 212 76 710 651 67 299 618 
149 568 136 549 76 783 199 908 256 907 249 821 607 1 761 777 944 941 453 301 87 336 980 208 900 56 271 551 475 570 521 976 490 9 877 566 793 77 826 401 336 75 223 943 428 984 720 724 926 525 
377 365 213 357 574 114 765 197 665 592 767 539 921 257 548 798 175 693 875 1 95 211 429 318 507 209 654 579 934 580 457 311 298 670 21 224 784 138 421 802 731 188 341 4 797 241 802 972 935 30 
973 30 241 754 700 100 964 354 32 250 287 489 913 937 159 934 161 944 73 582 98 156 122 439 160 919 680 314 891 967 344 216 349 938 971 49 390 287 756 422 537 395 911 802 332 71 737 845 367 162 
427 817 670 549 256 182 468 288 496 711 256 193 927 957 131 898 7 521 537 115 944 426 862 207 229 546 630 318 391 349 832 818 166 502 719 422 36 539 63 884 250 671 77 177 628 560 428 987 434 317 
454 378 744 316 937 973 862 568 643 605 917 475 423 84 329 494 858 365 33 273 601 635 944 679 165 925 239 945 912 673 262 719 403 6 35 693 331 250 261 974 207 530 801 983 966 130 477 177 847 863 
450 449 498 747 128 663 24 719 608 288 745 223 7 500 581 395 193 913 997 806 239 204 689 41 187 655 171 665 832 371 880 635 820 378 734 300 394 758 19 354 398 116 577 406 969 159 153 162 424 150 
321 663 354 10 56 894 665 580 911 850 951 791 837 771 521 923 71 915 33 442 622 431 911 551 837 880 62 990 394 486 492 715 502 199 77 558 93 743 490 4 945 441 147 134 212 668 57 635 936 442 
430 558 873 341 109 63 573 524 405 967 10 898 35 512 97 112 423 542 207 913 546 504 707 693 638 919 713 47 907 649 489 337 559 715 30 21 778 603 545 535 570 555 433 957 420 882 70 195 424 629 
460 322 134 167 367 772 439 81 172 346 730 13 35 642 728 65 663 506 20 208 42 942 763 827 900 535 62 322 730 838 951 543 161 85 710 528 210 149 961 382 847 44 395 882 686 476 299 349 334 319 
557 728 262 672 556 162 208 618 836 290 456 787 833 969 873 896 850 83 397 811 817 245 855 564 479 893 40 779 242 375 450 799 103 712 824 11 226 384 981 62 674 790 850 860 111 75 108 961 510 505 
125 679 750 980 243 230 874 636 361 468 363 811 620 818 876 444 182 454 828 515 517 854 305 719 66 417 146 174 730 656 680 855 687 430 188 930 12 414 918 725 882 633 537 854 804 765 298 986 219 126 
501 88 333 159 807 399 928 305 574 658 313 254 866 0 36 54 283 401 820 201 126 54 187 15 909 991 780 207 329 0 686 830 88 371 341 248 770 269 905 696 280 219 302 146 571 691 552 854 92 372 
408 570 778 595 938 687 938 718 247 267 70 285 449 511 656 791 111 426 60 368 123 692 587 425 838 159 116 742 365 560 114 773 483 245 720 421 932 658 491 531 277 914 816 727 777 472 518 888 251 930 
608 726 623 548 503 813 59 972 556 424 532 22 550 367 267 270 788 552 281 632 83 558 546 900 285 323 724 803 563 975 86 523 701 709 71 557 522 130 529 430 555 413 453 105 781 720 727 921 272 8 
553 356 567 451 608 204 126 332 360 41 660 446 565 713 507 636 270 381 767 799 812 674 213 265 131 346 985 858 267 610 219 173 966 138 624 574 342 103 258 702 144 918 500 61 632 7 50 902 389 817 
54 201 843 267 818 326 965 155 184 232 765 755 757 731 893 382 657 236 837 268 290 333 186 791 395 170 150 445 73 539 614 127 92 809 746 262 135 711 418 671 295 183 427 53 267 672 787 924 260 624 
544 551 957 731 694 704 901 844 149 326 736 115 805 828 924 551 91 59 614 509 731 910 44 510 315 311 182 102 588 443 78 132 994 387 863 40 92 117 884 593 443 620 709 249 801 633 152 892 45 119 
753 776 29 797 286 696 109 820 798 49 263 228 181 609 615 397 649 707 514 534 653 309 154 362 910 955 347 415 199 744 534 304 520 915 102 158 611 563 979 761 612 594 989 793 204 604 542 853 664 408 
739 317 718 246 31 980 201 730 747 753 475 281 57 347 196 511 506 159 74 837 920 38 783 909 184 987 514 726 193 530 135 932 847 205 178 230 537 732 960 285 837 435 918 894 783 467 406 641 626 832 
830 547 871 613 808 407 953 674 133 146 204 620 430 403 177 961 633 715 693 594 352 530 381 270 776 164 737 182 157 364 367 987 263 590 601 423 997 554 98 482 52 302 455 482 58 632 443 691 699 488 
637 51 370 19 322 147 535 59 681 693 775 400 680 38 990 633 814 339 187 912 174 591 566 629 74 624 613 869 668 313 358 305 364 80 676 38 227 564 98 261 257 225 661 289 616 652 923 430 343 462 
342 517 54 260 146 128 885 760 349 905 425 707 562 789 788 239 828 367 155 278 628 412 503 290 701 119 294 976 549 637 439 243 507 493 504 653 973 741 765 322 646 190 382 208 332 522 799 512 889 954 
790 870 718 645 512 772 765 158 748 666 795 187 262 302 32 766 308 357 507 425 32 505 616 766 65 300 288 865 812 529 171 954 399 242 599 911 14 716 69 762 735 217 302 997 871 686 763 531 396 622 
957 428 479 925 546 544 225 834 761 37 363 285 991 115 527 942 378 541 659 448 303 394 17 957 391 240 644 506 772 40 480 81 820 959 6 366 855 583 552 617 620 267 902 963 382 429 905 761 322 916 
561 625 310 930 583 53 170 579 911 294 971 391 727 791 702 733 509 558 668 61 527 288 328 781 603 63 562 509 824 884 777 737 509 88 667 444 493 189 375 405 484 346 148 563 489 851 297 998 761 317 
411 640 606 92 421 561 155 983 422 331 867 200 68 728 640 735 525 133 276 900 538 760 247 39 676 88 242 325 439 3 642 850 643 248 294 416 162 449 399 584 132 618 784 200 346 424 287 871 558 564 
124 448 676 723 487 352 811 729 677 250 84 320 453 79 920 747 495 82 549 246 19 681 216 803 234 563 580 521 786 490 437 262 290 466 985 130 818 149 859 848 399 296 520 204 727 440 952 575 875 853 
821 246 886 390 49 120 305 981 994 443 823 431 706 114 897 43 244 68 192 455 916 592 103 436 148 831 228 100 406 455 305 579 701 192 969 103 312 274 436 306 718 260 90 776 374 987 819 970 55 12 
425 323 956 529 111 104 712 692 557 118 147 862 697 201 54 19 656 719 645 92 25 363 352 115 491 78 455 311 400 862 675 826 186 631 707 649 87 419 341 644 889 841 859 938 42 913 957 698 984 603 
142 10 318 495 477 810 925 284 473 326 147 148 504 685 131 563 686 570 334 28 215 223 869 74 513 263 339 471 313 324 426 455 686 96 302 515 258 228 152 731 906 651 231 762 688 714 325 374 285 11 
754 852 586 975 278 99 238 617 922 551 293 348 7 331 445 661 199 703 241 351 787 147 354 370 261 42 437 938 416 722 949 523 926 535 498 204 987 737 821 909 640 467 610 999 150 55 661 349 110 902 
52 249 402 406 972 663 448 409 602 217 483 551 740 409 439 238 613 778 327 786 687 968 253 297 967 756 704 980 105 167 235 158 768 637 916 740 300 365 149 254 934 984 158 674 393 597 264 6 375 592 
793 414 912 398 64 231 154 768 212 612 935 447 122 56 84 38 796 736 755 298 343 689 282 501 715 676 450 980 34 177 924 827 591 836 578 655 67 84 776 279 696 63 78 170 119 514 209 916 603 316 
566 946 358 848 447 73 876 897 53 911 426 977 90 17 165 20 25 233 105 153 864 153 216 943 324 336 457 885 604 60 553 522 358 911 370 805 985 599 54 390 510 480 720 600 850 885 973 227 118 78 
380 983 231 948 926 907 636 735 144 240 148 698 114 506 609 837 664 946 436 70 337 946 551 57 898 753 942 871 980 413 301 712 396 885 660 674 792 297 761 289 889 261 987 4 768 948 841 784 895 277 
854 584 575 405 993 825 510 287 697 842 700 350 554 448 235 567 474 380 216 236 669 105 497 8 461 617 308 654 401 555 283 256 139 858 13 132 684 876 420 733 718 472 83 625 921 319 192 395 51 408 
983 720 865 833 80 679 450 388 333 204 944 617 812 83 475 177 568 511 53 988 596 772 812 680 749 733 351 293 481 402 53 816 474 918 649 554 597 452 942 283 8 886 900 820 322 727 349 890 591 403 
