161 832 644 192 328 732 523 390 286 441 204 758 139 826 661 373 400 661 700 718 50 771 338 363 802 858 131 791 908 378 909 421 562 905 613 891 637 489 633 275 282 837 33 421 664 47 147 416 708 847 486 110 970 824 474 772 34 957 915 294 335 824 715 898 729 681 141 718 170 774 994 452 964 379 873 628 778 20 396 486 219 882 949 190 58 423 314 92 732 230 739 68 406 454 318 136 487 811 206 657 
585 552 461 549 932 687 529 62 59 925 549 279 807 498 821 865 273 487 310 5 717 49 425 124 855 95 612 343 906 818 352 492 723 814 393 7 501 275 69 912 200 970 191 360 468 364 577 93 852 239 99 921 288 876 397 496 972 361 191 878 532 543 722 255 709 468 262 562 743 331 475 295 302 18 655 122 383 585 216 235 824 667 508 465 895 906 313 867 267 504 98 799 47 820 54 109 640 668 671 383 
0 146 679 654 517 686 776 900 623 344 487 800 363 995 265 259 253 578 478 521 82 576 672 481 749 79 590 389 747 614 125 747 112 804 401 629 842 530 881 466 226 368 266 590 716 883 201 969 813 679 842 247 608 867 728 709 946 671 450 45 637 575 793 749 731 546 379 574 428 260 392 655 981 10 597 697 893 798 18 58 477 213 305 437 80 385 146 378 56 597 423 693 524 568 795 256 467 526 182 247 
786 926 902 119 936 499 168 181 297 187 239 127 752 544 916 184 929 415 914 338 364 337 383 888 258 178 496 77 704 678 324 843 956 227 962 892 78 131 425 728 670 664 855 774 560 123 958 842 538 872 532 902 561 915 791 819 446 287 896 502 318 573 697 274 800 12 519 230 495 944 958 165 961 165 291 873 289 249 715 827 473 247 730 386 515 873 558 313 512 806 815 182 379 513 809 179 525 328 762 20 
624 720 537 585 886 828 459 175 429 526 354 254 126 436 640 641 309 550 954 174 357 121 356 736 634 165 268 511 845 30 883 470 750 772 407 988 952 218 163 733 97 870 987 223 306 980 864 968 882 170 142 239 291 850 976 278 16 596 141 213 978 25 35 728 149 795 69 102 365 232 835 462 102 175 685 761 507 901 729 389 71 223 981 715 73 309 993 441 905 134 655 883 511 42 963 661 837 32 115 203 
617 302 665 71 477 703 832 336 956 913 78 380 136 59 95 210 368 440 651 625 926 658 508 438 701 823 451 538 208 566 93 825 220 111 248 50 166 81 386 122 994 816 502 483 875 597 693 595 389 696 220 316 355 80 106 408 256 557 298 464 475 392 641 695 855 889 745 21 970 484 143 317 300 646 800 528 595 845 475 985 541 696 301 248 128 759 8 384 316 307 200 143 51 841 190 258 731 936 279 53 
772 774 370 424 772 522 952 368 719 428 705 613 476 358 861 956 117 222 693 785 881 893 928 284 735 118 542 818 406 173 871 530 947 594 955 720 116 259 440 836 39 145 449 867 855 662 824 972 236 517 757 117 762 37 401 849 507 295 667 266 468 539 796 416 133 751 136 601 363 576 789 402 73 590 270 928 605 446 252 841 315 361 959 77 398 712 927 257 8 594 523 476 485 672 892 618 423 380 572 138 
308 361 541 381 952 163 661 557 609 913 750 276 626 61 353 24 774 632 634 782 227 509 610 64 181 855 683 957 235 607 95 896 968 988 629 272 151 291 181 112 556 932 388 183 993 94 559 119 726 193 253 305 703 864 370 236 719 405 193 306 12 289 202 332 629 184 605 781 475 138 245 31 70 986 566 416 432 126 535 158 671 789 816 726 5 186 963 76 943 508 382 307 149 937 639 779 121 596 912 948 
735 157 331 157 495 898 573 927 376 461 438 399 250 254 126 607 792 441 683 735 949 417 394 99 706 33 878 827 982 790 127 69 299 459 226 795 709 152 74 437 613 512 836 215 766 314 822 558 755 505 645 57 922 39 508 981 425 386 808 759 528 288 828 179 99 54 326 160 206 401 597 171 913 433 386 32 748 560 942 855 65 588 912 340 979 420 321 756 158 481 515 38 121 343 218 220 750 896 380 308 
297 977 480 211 763 218 595 863 779 537 718 196 477 983 536 809 403 209 565 914 43 433 952 164 128 522 385 878 419 117 539 68 447 19 631 210 237 226 73 368 764 791 565 593 774 453 402 530 663 320 796 706 753 100 222 881 623 959 112 394 77 651 814 524 22 446 86 611 672 159 980 788 302 545 734 429 998 136 959 13 808 755 71 913 207 294 147 182 605 259 576 682 262 743 558 284 189 644 895 213 
803 227 354 458 772 88 887 123 576 198 136 737 305 560 650 512 206 797 695 811 56 623 494 670 366 52 954 555 49 202 121 204 429 827 662 554 915 549 29 843 747 165 580 52 77 583 565 283 380 260 95 789 235 589 459 602 993 766 509 394 968 630 599 749 457 261 655 724 811 684 920 910 202 852 963 279 435 880 563 168 492 658 957 727 599 416 329 944 534 191 339 854 173 938 604 983 551 611 59 714 
296 979 625 850 184 940 129 971 172 44 139 16 702 96 743 653 865 425 598 399 616 289 606 141 579 562 124 482 173 184 197 821 515 174 671 699 466 801 671 638 845 162 654 900 611 749 905 828 526 855 227 494 144 185 636 75 747 760 558 921 944 755 742 812 281 766 511 747 567 534 737 764 697 743 16 660 492 922 488 19 777 67 865 274 253 501 349 0 262 259 273 558 366 16 370 647 782 234 746 701 
120 483 817 169 226 834 829 71 108 317 442 237 385 307 511 638 161 213 990 775 472 264 333 839 632 56 838 766 642 585 819 762 420 636 932 647 822 761 70 282 431 512 520 816 171 383 806 332 596 148 107 421 412 793 612 396 201 450 162 843 387 981 957 808 618 889 455 792 3 877 75 434 741 595 602 912 978 760 597 927 908 56 348 673 849 960 69 50 762 232 245 150 565 203 958 183 444 413 328 799 
642 403 233 383 998 187 647 328 299 244 255 560 301 603 233 502 915 654 905 678 238 150 828 804 705 786 339 502 551 667 301 193 70 887 576 420 74 223 749 374 820 356 286 121 312 519 623 227 525 880 905 764 31 85 568 88 871 259 590 422 927 244 967 349 131 543 122 557 119 223 283 939 579 569 412 891 440 387 471 966 268 376 730 651 462 650 739 685 261 682 108 188 278 427 890 409 971 12 318 442 
587 602 733 166 171 497 410 612 884 881 930 504 609 12 155 423 14 247 109 275 281 569 816 559 996 706 320 319 70 638 113 657 240 846 175 764 343 585 728 580 818 658 84 428 670 592 851 684 839 312 311 120 881 127 31 878 185 351 549 255 989 663 264 582 509 792 346 205 377 74 137 548 84 221 328 106 813 179 142 4 844 453 476 725 933 507 955 118 858 505 726 200 168 342 782 29 134 480 586 864 
906 723 412 990 297 740 448 110 271 942 467 115 395 943 193 680 803 148 799 13 5 525 213 525 219 347 555 354 827 493 218 733 569 982 75 866 722 523 328 345 465 795 461 213 91 654 893 894 154 44 907 160 921 121 685 141 468 592 495 648 86 65 381 655 47 457 873 769 332 201 466 798 349 279 363 440 933 256 334 440 653 241 600 574 714 637 715 535 230 210 183 668 275 564 675 674 373 548 795 706 
101 262 856 450 541 219 890 827 827 224 267 480 818 219 55 884 856 122 419 86 333 954 106 960 871 781 987 244 681 782 302 783 44 158 233 586 729 124 413 557 700 32 389 518 251 444 755 107 567 526 546 252 481 652 564 704 434 551 300 115 334 603 898 730 113 484 668 843 608 433 400 308 465 141 179 716 586 286 176 505 812 722 109 645 374 673 349 160 577 650 628 263 605 878 993 718 362 14 561 322 
447 313 631 913 455 162 981 393 448 509 898 612 231 7 258 958 32 959 470 961 609 98 224 214 329 570 285 691 584 846 366 383 512 349 296 967 511 630 712 311 139 610 923 723 969 533 681 353 493 151 667 454 602 243 21 931 813 306 974 749 504 340 133 16 689 781 335 552 411 47 215 903 9 491 626 330 24 307 36 869 810 703 324 764 946 697 47 112 3 374 861 859 714 346 228 756 480 563 660 891 
963 876 794 324 719 420 655 95 79 691 965 890 746 641 6 692 338 54 804 693 428 18 552 494 716 132 602 196 696 263 440 11 491 234 335 210 7 342 657 438 385 622 680 131 263 687 176 953 741 980 998 169 350 903 663 67 35 266 615 83 881 55 94 724 642 782 286 649 124 943 439 510 566 120 993 181 807 169 487 548 502 485 69 852 388 732 271 424 350 887 507 583 294 602 307 936 384 593 937 860 
889 377 722 455 497 716 988 304 237 475 852 739 961 921 944 349 5 567 125 708 454 633 291 749 587 951 37 323 896 975 183 785 352 258 592 849 974 933 153 563 408 357 303 721 630 599 423 987 166 548 47 973 533 339 74 120 642 111 443 538 86 979 676 790 237 620 639 563 553 144 126 962 853 781 35 483 380 458 823 899 359 870 872 892 561 946 13 203 409 808 94 848 787 122 638 376 742 630 939 296 
126 418 610 980 199 645 815 932 456 638 831 815 861 703 707 422 1 72 978 410 881 424 610 20 546 601 397 640 231 688 936 357 106 898 689 658 896 505 590 352 495 421 519 708 124 226 131 477 299 461 239 532 885 850 552 783 451 301 423 34 342 712 743 800 610 433 458 506 290 48 210 137 821 729 846 297 308 329 774 959 790 366 491 27 216 395 810 19 697 585 405 391 297 148 191 908 933 650 414 223 
50 977 713 224 706 559 521 14 888 648 973 30 14 816 57 230 212 219 601 261 804 6 652 102 154 195 362 440 845 128 663 248 105 376 472 812 287 345 178 175 993 152 557 7 968 614 589 532 185 190 145 990 548 797 444 55 993 806 495 190 934 510 790 40 239 262 204 526 960 382 54 953 886 611 313 207 578 902 739 763 445 885 105 345 34 901 400 379 707 247 570 994 758 712 386 997 327 590 523 287 
324 577 240 211 541 905 770 119 808 509 234 605 746 340 950 133 593 703 512 301 950 434 647 60 147 385 57 474 975 933 761 651 862 353 214 403 259 984 874 419 846 109 376 592 801 678 725 394 381 590 47 684 24 694 744 171 79 154 645 406 439 758 410 301 112 624 57 723 961 931 142 807 40 518 751 841 196 829 588 930 419 635 966 443 682 62 967 761 216 612 520 7 371 930 309 835 906 366 558 867 
649 700 26 690 570 778 883 118 959 823 400 378 459 366 173 141 429 140 254 997 105 126 5 828 408 314 663 667 32 221 534 681 273 913 723 843 43 959 313 2 782 714 732 593 80 257 734 861 750 341 859 855 467 216 35 228 530 698 895 914 271 781 947 544 694 23 739 89 334 52 91 116 118 175 62 551 785 148 412 535 489 623 742 309 839 777 889 721 827 784 987 98 565 935 642 612 310 733 701 644 
785 145 112 256 320 174 807 105 323 571 992 812 547 734 473 738 863 362 460 690 498 799 788 64 734 782 28 396 515 729 40 653 874 153 909 547 327 68 652 650 991 997 815 890 731 640 629 595 355 441 637 853 240 426 269 327 208 297 723 76 379 764 729 253 917 990 800 596 410 805 599 401 802 414 644 885 406 273 832 761 714 470 615 306 248 236 633 808 534 357 884 913 473 965 518 742 955 671 338 365 
476 289 119 630 703 763 515 110 388 700 223 454 170 838 760 418 75 394 226 961 103 463 226 928 428 744 670 384 415 360 101 891 650 572 873 705 687 741 167 427 441 391 881 611 581 642 381 8 388 959 321 843 422 547 771 851 292 793 587 707 505 688 951 507 613 176 213 652 917 732 80 358 475 961 321 409 955 54 417 343 14 91 186 436 638 309 287 930 102 874 990 608 915 293 467 880 469 32 532 387 
765 612 97 592 926 771 1 881 177 771 577 191 862 115 980 500 425 267 783 527 494 773 487 761 418 307 641 887 339 173 626 104 138 76 697 64 199 698 297 376 469 874 920 683 990 900 184 415 167 967 294 13 92 134 774 862 441 415 749 780 941 728 237 79 156 286 495 355 336 792 83 158 19 3 841 9 255 25 776 775 344 70 788 788 556 915 650 997 330 752 130 623 480 367 54 988 653 549 695 341 
694 778 499 713 134 341 74 389 366 850 164 63 920 305 851 477 220 854 826 902 606 956 526 438 675 932 426 680 834 121 22 528 251 521 593 385 862 667 127 581 517 291 996 789 596 847 266 168 701 445 71 659 401 949 97 429 881 875 109 715 996 131 595 248 5 188 985 867 207 112 800 724 756 796 866 352 996 484 873 49 929 944 709 683 893 158 112 126 34 573 842 30 705 437 630 710 978 616 929 537 
80 730 262 836 878 128 541 874 612 414 924 894 358 633 577 603 791 41 729 177 614 571 208 671 361 190 381 691 806 663 228 239 745 842 75 623 322 616 498 935 30 422 181 388 407 758 991 550 799 721 728 765 644 936 437 357 478 170 48 637 833 277 876 578 119 951 554 442 568 52 729 598 474 262 339 881 372 682 783 523 755 511 288 400 447 725 757 278 248 158 915 81 787 791 12 258 742 566 52 662 
618 133 261 444 395 952 677 767 634 460 290 390 972 579 142 771 656 899 401 904 409 316 338 196 107 350 455 202 268 507 216 238 641 829 34 388 781 63 156 416 523 798 158 847 729 300 971 386 551 372 642 961 689 980 509 148 682 964 702 302 824 919 540 817 100 926 205 882 989 713 650 865 512 808 712 241 108 35 979 659 760 622 972 801 954 482 949 637 798 4 939 622 275 832 791 375 758 349 609 748 
62 259 613 926 67 677 520 527 713 851 187 825 473 159 626 428 993 927 417 792 931 356 414 558 540 206 934 299 907 895 47 321 155 12 248 222 689 120 102 754 971 289 579 797 800 205 577 794 133 346 586 416 702 352 327 243 910 261 894 817 508 293 139 663 305 739 238 346 211 340 453 534 981 384 331 781 590 260 927 75 606 513 843 661 218 170 256 128 783 150 946 292 443 437 307 100 528 545 446 739 
237 899 273 218 284 957 352 226 217 279 653 824 145 848 837 363 371 93 843 154 243 141 798 38 578 106 138 106 3 936 197 241 836 471 811 472 428 163 50 645 443 703 821 940 903 658 303 274 751 498 781 346 640 579 736 570 37 226 677 393 163 874 986 351 697 797 823 125 961 225 123 756 280 296 696 183 955 351 458 58 849 591 757 489 522 493 60 560 720 89 305 883 315 291 586 365 88 409 490 401 
634 965 157 266 262 205 449 569 556 259 627 758 850 384 599 373 230 11 285 950 452 590 185 120 233 771 485 321 532 327 75 518 293 232 784 907 438 233 476 346 845 455 104 47 840 56 420 422 67 57 372 520 999 909 640 232 32 477 906 564 804 981 434 449 565 218 356 3 803 184 702 0 640 158 48 832 214 468 254 634 878 978 154 877 887 146 462 271 975 368 835 779 701 621 581 266 839 289 622 994 
474 324 995 466 482 43 298 49 863 904 683 741 882 189 619 121 687 433 392 662 801 579 793 854 200 374 120 391 16 742 385 842 418 732 308 901 775 958 950 639 862 985 732 96 174 703 569 861 136 961 523 289 892 316 143 444 43 264 835 59 358 572 901 777 305 209 678 80 519 980 71 733 965 804 829 491 859 398 352 996 711 875 285 603 543 429 399 586 45 234 997 403 806 898 180 111 459 210 544 978 
542 967 711 859 123 892 350 983 642 702 331 353 929 968 308 473 749 707 411 794 293 409 550 100 307 730 563 119 293 459 449 187 427 513 47 902 405 749 237 48 452 568 753 733 537 62 206 286 121 970 433 415 379 983 515 38 65 430 157 710 890 607 898 669 120 297 923 877 46 161 277 498 81 31 584 970 445 142 609 566 112 42 981 843 377 848 882 794 631 391 505 873 350 755 894 822 52 817 700 98 
330 977 949 412 360 533 382 805 27 991 372 140 385 705 983 114 906 217 909 537 961 766 762 311 521 656 486 925 825 538 375 156 867 676 920 228 209 302 33 589 646 757 729 383 815 64 498 721 634 407 610 947 525 372 610 46 28 96 323 205 634 698 361 502 375 281 82 936 936 467 525 582 577 606 317 392 23 815 465 9 574 75 956 99 799 566 497 179 663 820 384 649 519 98 503 246 379 585 182 315 
53 60 249 982 666 567 374 41 734 191 50 309 618 6 408 417 573 906 948 236 726 684 237 597 782 741 843 162 678 378 829 83 438 79 65 456 998 439 498 732 982 548 41 600 555 802 369 128 708 317 716 786 2 305 736 136 46 931 298 725 309 128 808 747 559 874 556 909 665 54 641 648 602 35 600 509 837 970 989 897 639 705 35 993 11 771 130 409 55 780 134 364 260 295 464 819 521 20 728 186 
426 722 186 28 757 139 538 946 461 527 195 100 585 230 446 948 354 928 709 409 708 196 125 969 491 589 788 12 961 869 550 387 591 89 768 700 228 658 998 689 537 193 141 122 423 587 422 129 515 132 890 576 328 16 545 819 957 685 183 271 554 733 658 497 174 778 549 402 436 547 443 974 740 585 448 516 524 871 997 40 3 888 616 683 256 513 854 213 198 37 484 105 122 495 602 297 625 504 699 62 
51 495 388 144 80 836 12 604 59 9 996 62 897 964 97 153 477 951 719 676 988 555 133 111 402 87 760 28 591 811 442 995 306 830 139 386 18 151 343 78 512 339 492 410 304 590 915 133 541 986 809 530 894 294 993 296 382 753 676 973 916 118 968 223 300 459 609 319 962 304 397 475 644 241 237 300 831 504 433 373 843 595 255 737 889 600 33 271 705 62 597 621 180 565 844 833 377 806 152 339 
110 901 166 106 142 755 406 974 260 840 699 103 435 306 840 676 906 225 948 611 287 545 232 820 462 429 653 839 587 157 531 697 58 49 156 552 805 562 526 417 754 577 520 541 883 712 218 789 289 518 752 929 63 337 749 877 766 402 69 353 559 600 402 969 1 558 521 806 473 400 575 227 977 447 121 213 159 339 2 801 857 107 730 272 444 479 149 210 233 218 915 144 170 669 465 172 580 986 330 53 
738 258 632 716 705 105 281 865 444 283 18 653 390 748 925 834 579 427 396 164 645 663 660 168 333 125 692 265 111 22 670 850 280 302 918 986 760 199 203 204 834 221 210 577 321 135 763 252 562 512 416 560 175 76 728 860 201 420 125 664 794 795 866 427 450 136 765 210 687 968 766 522 541 976 451 214 112 214 466 26 78 882 586 254 310 666 114 511 86 592 527 233 387 394 660 189 882 425 399 570 
745 166 444 286 142 895 852 606 461 318 985 540 552 571 146 862 590 612 725 676 204 252 909 944 998 921 133 881 346 885 803 91 403 247 729 545 494 581 504 955 899 489 495 803 412 993 665 2 606 390 31 810 995 292 106 345 214 592 578 912 477 381 4 880 980 733 777 474 315 633 430 566 122 277 370 887 271 387 241 229 130 624 39 125 917 498 822 483 90 401 395 567 134 399 799 115 485 576 589 152 
210 371 718 684 649 440 571 272 828 165 501 958 789 892 435 706 390 257 541 480 10 289 399 145 40 198 260 525 127 201 677 689 573 748 373 222 188 297 494 368 462 347 678 603 239 113 662 630 723 203 462 733 492 214 878 533 764 490 410 891 692 88 580 265 188 306 839 728 955 333 97 769 680 775 372 271 241 34 901 964 238 716 697 82 930 928 967 694 418 378 938 110 818 870 727 6 528 566 734 483 
251 183 604 283 311 977 555 552 363 808 868 953 524 917 36 806 845 3 853 264 381 143 726 551 13 806 557 542 372 644 377 976 179 982 259 490 311 814 394 674 975 262 628 851 180 16 10 377 19 863 993 753 6 72 304 371 878 214 913 602 210 643 578 389 625 838 232 936 4 626 962 979 241 590 183 773 606 193 502 978 408 496 83 414 568 739 785 446 953 51 400 515 694 979 905 671 169 137 959 173 
115 921 505 708 864 688 833 822 233 336 800 641 832 235 407 752 975 192 198 280 595 950 796 641 929 701 664 98 190 623 272 305 897 129 366 761 169 199 583 402 535 736 43 719 971 450 471 298 994 21 579 942 972 375 583 901 428 600 0 970 223 624 627 472 105 993 585 274 193 521 28 80 257 423 800 580 225 271 879 571 293 458 513 265 185 449 518 965 49 870 935 624 494 562 97 951 556 682 577 101 
203 605 181 812 28 981 393 605 605 272 177 898 82 690 515 619 139 33 584 540 904 519 165 750 433 262 702 341 296 631 794 852 237 976 664 617 309 409 223 914 33 400 164 115 90 31 734 582 65 670 122 321 541 639 71 975 253 125 668 550 757 463 754 346 791 418 963 100 828 186 367 861 938 883 329 381 915 415 963 332 86 437 653 627 77 724 954 330 202 623 232 311 86 986 657 877 757 620 329 937 
159 48 150 97 932 479 830 199 247 793 531 333 583 184 312 12 260 267 694 814 242 927 125 680 265 782 557 22 755 238 311 914 287 462 363 571 293 194 770 540 339 653 873 274 189 538 286 449 157 981 264 399 908 741 79 525 524 988 900 279 226 211 545 865 25 260 788 319 806 910 859 498 563 85 772 752 623 59 554 780 392 170 531 652 911 610 177 787 598 429 66 176 641 963 394 18 576 534 337 734 
445 197 232 360 634 357 465 609 416 19 389 160 541 272 812 452 882 989 240 832 419 658 360 412 974 754 430 550 289 120 284 86 669 869 446 303 226 911 912 994 282 653 154 823 925 966 628 159 307 220 991 78 230 351 842 204 458 273 106 99 745 391 185 414 612 983 717 838 247 981 832 529 986 338 705 263 304 685 422 963 905 765 42 135 468 236 692 278 861 798 377 606 541 914 20 153 250 89 991 497 
422 175 378 408 513 435 671 169 120 445 133 377 562 527 865 31 763 557 309 625 355 39 583 249 305 604 402 555 693 746 52 116 921 431 876 787 866 900 956 339 697 441 716 260 320 581 291 436 138 952 413 846 991 996 95 297 600 849 852 646 595 257 114 869 40 990 656 906 242 964 245 940 758 314 200 78 895 491 866 386 795 279 584 787 276 679 436 228 528 640 226 476 897 340 345 937 683 1 196 925 
317 793 217 75 107 417 506 355 260 372 741 56 4 325 195 632 356 631 860 236 271 87 712 521 779 57 458 462 410 6 740 728 800 957 155 259 375 661 614 635 386 707 43 390 384 238 374 92 221 586 329 493 673 393 14 805 451 824 267 213 183 7 941 983 965 449 242 692 110 209 679 848 268 723 590 653 313 964 97 535 551 778 28 576 172 394 381 975 570 649 188 753 8 482 88 973 931 683 17 393 
892 697 242 512 420 832 517 733 797 615 268 700 393 648 276 565 394 658 892 965 659 81 70 667 915 159 993 846 842 10 591 86 707 833 598 479 18 116 565 167 83 185 867 476 186 143 394 580 153 286 897 812 367 320 480 634 479 825 832 673 835 424 759 895 609 709 726 627 825 291 794 908 477 661 737 15 157 131 595 310 417 845 123 137 165 955 123 644 780 956 669 967 380 428 214 341 137 941 969 315 
232 763 575 61 777 312 76 934 795 24 244 213 869 719 702 386 26 825 30 158 133 51 126 865 479 692 207 968 633 176 283 218 291 859 631 68 523 60 354 319 436 951 884 305 670 938 43 697 763 425 207 897 476 685 762 955 378 321 923 363 497 559 933 789 770 565 209 293 977 564 964 413 515 848 70 537 786 113 586 902 538 794 151 14 479 265 969 857 587 244 221 436 155 154 225 925 71 787 571 48 
703 887 813 218 736 883 107 874 996 694 128 534 488 279 548 967 897 869 177 484 466 750 920 621 256 498 899 328 637 822 728 340 709 542 910 797 425 17 24 774 711 152 308 551 784 209 871 681 430 48 517 248 798 789 222 54 639 121 734 276 295 463 616 4 357 878 154 782 896 178 556 959 330 217 511 466 778 382 147 560 430 16 809 580 158 31 986 797 504 721 426 799 536 42 155 893 273 309 27 169 
487 936 128 170 153 991 988 283 373 488 843 155 504 652 87 662 35 74 812 539 147 238 690 35 632 846 280 905 507 307 74 347 595 555 869 100 546 857 383 272 345 579 779 850 583 867 864 619 293 676 510 792 914 553 179 547 751 459 452 258 118 879 605 714 786 474 814 684 684 550 308 29 129 88 231 712 307 96 331 600 124 194 744 39 747 923 938 498 734 742 108 852 973 714 918 759 540 85 444 224 
635 752 606 764 192 837 476 499 285 160 451 410 354 195 801 101 470 739 951 556 833 59 761 807 125 679 566 18 764 362 594 399 467 200 163 659 390 992 159 675 152 962 85 506 510 238 959 332 329 910 889 163 321 650 322 447 681 888 465 446 603 59 197 70 612 713 729 2 705 240 677 857 203 115 715 65 705 674 397 35 936 286 550 257 288 872 56 970 112 521 768 715 933 965 785 897 30 867 899 735 
459 928 944 14 395 659 79 101 685 477 488 973 763 38 231 404 262 639 374 374 513 142 90 446 107 227 695 138 446 946 225 906 226 522 920 622 181 0 75 219 829 915 192 944 305 775 348 567 415 722 293 928 864 383 726 324 963 773 814 409 719 391 315 945 913 236 919 447 588 346 18 417 613 210 361 918 338 62 837 105 784 131 385 1 866 111 677 829 884 843 239 955 234 906 252 500 494 172 947 434 
870 965 851 484 527 565 402 217 627 592 322 763 723 707 116 589 170 793 771 406 636 362 361 223 268 614 723 115 138 670 549 8 987 753 492 514 670 247 732 649 839 406 412 914 114 529 855 284 674 626 691 663 340 404 886 961 370 609 76 508 631 977 517 970 730 361 836 400 960 920 401 799 327 166 713 441 47 569 77 721 547 120 384 888 525 622 849 895 583 277 756 214 254 273 536 985 986 373 737 947 
293 139 98 620 305 164 413 352 85 491 425 632 963 162 872 488 784 73 736 368 350 492 934 605 117 471 942 103 844 679 402 137 170 501 110 827 17 523 531 102 366 309 734 330 471 959 170 255 32 258 975 383 750 910 340 219 733 282 323 577 313 77 66 484 930 176 663 947 52 195 49 418 856 136 100 327 95 271 934 479 529 910 862 632 172 202 851 905 836 526 834 150 604 900 634 886 77 649 834 481 
196 235 899 52 371 352 379 818 623 314 650 504 576 512 488 748 67 692 5 255 218 839 405 174 739 39 61 168 41 247 649 237 482 901 290 206 253 669 376 228 335 26 84 911 891 573 11 958 265 16 213 835 855 971 10 595 362 423 115 403 670 765 641 504 666 931 710 271 600 87 499 288 113 583 199 4 508 211 314 773 579 880 961 435 851 971 382 213 746 497 969 416 614 610 920 632 541 983 903 493 
70 754 781 535 338 333 892 198 896 558 972 475 438 933 910 641 256 644 207 2 494 176 770 108 138 42 93 679 25 996 524 447 103 658 983 441 991 227 639 239 785 963 714 576 248 977 569 856 621 776 858 115 304 980 576 442 23 669 473 48 17 350 496 120 360 831 913 703 410 905 942 195 220 656 771 821 633 341 677 607 469 888 74 126 868 650 920 891 319 394 292 689 96 140 809 456 971 75 159 733 
980 101 928 200 109 52 21 95 393 51 702 214 939 776 340 807 427 261 51 98 7 343 787 455 483 949 911 806 24 422 539 356 875 819 908 984 871 282 79 616 333 133 831 272 262 523 431 41 136 482 139 495 177 279 950 12 580 213 818 604 635 709 312 510 529 220 847 752 502 278 369 835 412 552 459 674 427 891 715 564 725 206 411 903 485 362 915 417 575 86 373 563 147 685 425 676 906 272 429 760 
551 150 596 315 54 407 989 481 298 56 397 376 262 809 279 100 171 546 517 98 984 891 13 132 576 439 160 834 63 941 595 966 91 543 281 145 950 622 627 249 678 376 977 941 185 608 393 708 154 910 807 491 801 172 623 730 963 783 564 379 725 511 345 168 54 979 314 5 601 293 606 280 21 583 573 207 191 966 915 697 228 74 188 382 247 811 112 562 947 28 941 24 892 287 192 946 266 858 951 219 
503 909 851 525 492 776 84 35 94 999 733 323 426 273 705 25 437 169 587 384 549 529 408 441 168 952 388 786 163 691 5 666 953 209 543 797 985 627 833 80 627 918 755 53 191 460 78 628 981 17 12 882 898 772 324 66 77 64 204 240 107 562 906 60 771 450 858 756 429 43 188 56 961 943 461 152 755 891 781 88 909 145 971 159 270 295 226 347 711 430 587 818 344 845 231 115 647 89 224 77 
132 764 133 445 60 947 597 815 838 730 256 99 228 227 611 498 874 837 197 937 619 784 755 964 629 986 431 277 427 655 354 911 420 839 356 480 138 954 647 329 36 255 780 264 482 391 762 708 228 959 645 200 95 753 516 77 739 947 706 519 955 412 430 727 251 787 559 390 93 558 719 481 814 499 746 648 891 860 357 471 172 354 23 619 107 891 696 199 191 402 718 498 814 500 225 418 287 136 160 732 
694 879 214 860 730 312 509 973 172 218 797 696 572 172 316 680 64 12 879 255 767 949 105 581 449 330 351 89 818 511 821 864 742 387 725 473 699 586 798 224 804 947 920 376 120 588 56 184 601 287 791 720 236 896 653 686 578 5 775 748 868 948 612 611 336 689 436 387 275 234 963 79 182 884 456 654 824 864 838 777 152 981 497 740 229 151 426 159 508 553 259 376 502 871 987 190 561 423 929 188 
10 893 268 544 129 76 198 953 940 388 731 444 721 580 537 302 83 315 461 591 869 720 320 723 943 307 913 856 83 194 45 445 87 665 341 216 741 539 522 33 279 253 830 0 833 367 302 917 682 115 860 903 187 180 626 130 840 891 339 275 86 384 720 173 49 61 742 142 952 264 175 231 869 357 583 54 724 885 323 759 352 184 662 539 716 289 669 556 532 8 183 618 744 903 144 145 316 886 287 620 
502 815 203 371 172 786 777 249 23 101 8 375 637 22 914 353 311 584 262 844 944 445 814 689 701 958 186 17 196 474 990 698 289 193 421 813 980 199 62 355 300 422 731 289 445 645 642 108 581 904 304 526 350 471 567 51 429 753 420 978 579 762 28 220 308 450 34 640 1 448 995 653 223 726 942 668 372 584 128 953 841 785 831 543 256 750 946 37 504 718 15 83 481 44 304 789 846 690 429 847 
490 424 500 713 151 794 733 875 730 214 180 571 999 12 114 255 762 60 644 618 131 660 54 612 56 710 753 902 400 182 101 890 958 953 956 461 747 689 336 477 903 517 49 902 881 515 509 643 928 154 614 59 166 668 671 222 378 776 476 778 310 577 20 268 530 976 730 277 18 418 106 921 287 507 176 168 23 37 164 951 543 130 362 709 798 385 283 176 161 759 306 471 336 678 739 218 7 821 847 25 
592 954 298 231 461 826 400 836 864 916 787 407 46 149 469 196 886 752 724 47 512 30 518 200 60 610 419 67 783 266 444 375 572 743 607 386 569 359 222 785 627 10 193 25 511 662 573 750 414 297 797 278 679 668 479 739 278 250 159 413 868 603 141 441 346 100 827 268 811 401 53 790 763 598 815 275 260 388 377 27 37 174 305 716 842 136 807 472 386 318 238 255 922 379 48 620 831 227 888 642 
628 942 432 392 540 599 19 153 339 396 532 376 570 189 444 765 326 603 589 64 922 827 319 844 558 719 464 389 946 705 383 575 999 815 967 891 414 986 396 105 734 928 481 304 118 277 421 796 881 363 860 803 190 180 999 101 899 815 490 198 872 874 773 871 41 92 115 808 430 511 913 164 792 747 820 910 24 242 706 905 605 566 60 147 98 411 248 350 227 91 548 99 317 673 323 710 765 438 518 195 
301 432 359 93 531 179 3 555 773 61 813 730 980 225 230 430 637 478 132 216 921 680 667 590 353 990 301 470 780 171 665 82 955 376 175 486 908 531 42 681 944 207 764 276 432 994 707 69 824 839 285 746 872 953 688 577 295 989 48 76 161 65 510 468 442 37 955 350 920 997 383 865 204 147 141 988 141 200 58 966 40 695 64 264 0 752 841 296 94 241 724 607 307 586 75 749 623 30 99 544 
379 482 761 935 982 254 924 123 455 334 441 847 29 505 111 382 610 304 678 704 546 754 311 853 340 386 602 315 769 53 859 148 887 972 436 869 227 360 345 682 46 786 529 75 644 992 457 254 296 487 958 194 593 621 47 933 7 1 249 128 406 460 277 294 433 713 515 660 425 860 342 471 647 223 898 291 567 708 897 215 195 855 410 789 476 809 74 835 811 675 964 569 136 593 863 921 658 731 581 435 
591 275 906 590 850 156 233 417 864 130 632 412 985 394 553 813 204 627 1 367 303 965 936 791 910 152 712 568 883 645 3 826 272 261 417 122 417 650 891 282 781 875 46 118 270 599 284 474 226 285 841 881 602 129 672 512 281 736 432 516 381 435 343 653 48 760 127 465 762 18 99 543 246 145 14 516 744 298 342 323 583 183 556 185 664 229 49 298 317 481 814 51 916 509 56 316 269 184 781 384 
554 233 927 800 730 293 668 827 591 10 150 526 545 706 63 210 287 112 508 957 593 674 8 861 184 64 177 805 600 311 189 507 544 469 659 626 762 328 453 706 338 955 584 884 14 648 446 653 112 954 610 706 980 618 919 164 35 97 970 635 760 159 142 656 980 802 282 743 482 736 801 820 691 385 56 705 33 502 359 498 808 321 556 789 940 475 305 327 924 275 962 684 787 457 340 767 611 623 862 93 
711 663 265 402 49 322 460 434 824 171 284 985 492 840 774 784 316 79 111 240 707 426 277 846 883 617 613 846 592 828 939 303 491 204 58 892 526 870 679 703 393 963 688 885 804 814 22 472 893 133 712 952 911 341 798 794 959 764 640 903 592 931 559 435 488 969 328 366 839 359 69 584 674 109 821 478 275 843 302 521 329 15 473 240 708 272 387 667 388 379 923 980 311 482 415 799 451 95 517 642 
806 939 226 481 48 47 311 676 243 614 197 572 981 670 812 689 294 199 357 682 579 632 662 242 114 430 393 917 525 910 911 332 849 489 165 250 888 476 926 131 90 123 55 71 145 868 761 440 419 470 122 350 102 137 944 568 567 337 837 444 600 748 128 801 589 293 51 477 122 329 961 212 804 16 284 950 884 45 742 656 867 216 358 969 353 303 889 272 640 726 69 240 826 549 394 767 843 797 244 317 
127 205 529 283 574 813 585 458 210 327 466 77 544 825 398 249 128 639 522 120 365 943 713 543 492 107 310 687 904 907 4 383 464 534 19 38 699 604 849 262 284 315 691 828 492 90 429 972 729 303 445 447 246 158 342 91 617 653 778 873 912 783 257 376 669 276 415 720 232 264 982 516 931 674 696 424 116 126 396 197 429 193 644 28 351 987 119 320 992 249 194 904 32 803 280 53 431 47 774 663 
311 756 532 243 782 228 19 898 706 767 96 136 961 740 516 664 79 987 985 423 236 531 679 621 686 312 674 117 359 448 132 23 557 16 618 339 245 637 238 951 756 686 439 717 426 307 734 858 294 71 633 531 602 313 152 640 625 826 109 336 627 241 359 536 610 977 875 855 966 465 158 723 151 950 792 930 257 526 140 552 949 773 435 551 438 587 191 415 765 300 752 744 894 463 632 504 793 860 711 759 
325 221 834 829 171 979 111 781 505 251 333 807 376 120 358 167 59 902 582 176 554 334 921 800 150 553 656 943 413 719 702 91 941 889 272 464 868 383 245 725 634 930 532 362 50 891 529 109 145 112 286 51 798 559 204 948 464 860 891 230 580 946 673 873 835 945 337 703 328 583 428 314 513 961 28 916 204 558 25 701 22 663 752 820 574 308 121 39 169 364 621 101 662 294 974 497 239 663 552 567 
598 981 233 112 294 261 28 850 171 405 903 193 421 7 366 995 316 487 34 485 203 655 938 866 301 912 715 540 927 268 459 526 601 44 990 895 306 18 97 477 775 0 671 196 7 389 192 323 228 578 160 431 586 98 649 239 362 365 780 290 633 591 816 234 636 806 481 942 176 930 771 303 930 794 852 289 183 396 613 411 326 125 195 264 224 844 504 586 209 284 228 194 227 396 780 863 554 261 157 82 
543 929 386 473 75 238 763 259 986 728 22 312 853 569 577 429 414 81 16 975 717 244 522 944 641 302 808 195 916 317 278 459 598 16 285 674 606 400 285 592 128 659 256 333 229 833 763 643 266 131 970 983 727 492 928 720 795 88 916 711 405 546 522 4 914 807 678 520 207 315 464 687 974 720 21 203 906 136 198 172 267 169 156 994 13 436 715 808 524 983 871 929 881 746 285 147 553 315 667 761 
630 483 800 605 555 821 160 461 957 711 634 576 880 142 923 245 578 638 406 102 973 277 383 206 23 669 353 929 984 372 42 615 855 842 572 410 664 84 224 973 795 858 902 27 0 825 273 578 815 679 32 788 308 415 346 684 84 699 613 421 71 7 388 926 849 312 688 865 396 264 839 544 122 93 571 474 918 196 404 85 227 788 873 888 204 571 572 640 270 537 61 341 544 449 619 393 761 659 611 510 
924 802 54 398 895 977 225 813 174 629 898 753 770 123 641 974 694 565 966 316 454 28 657 998 829 628 744 591 287 355 101 211 157 507 610 404 484 835 569 10 816 467 116 586 942 757 912 988 675 879 304 129 259 313 128 88 941 224 679 228 931 132 792 440 639 754 844 476 941 413 486 109 232 602 696 526 712 960 866 387 191 522 516 450 835 996 539 128 572 218 708 503 703 500 943 694 606 139 170 547 
552 9 657 136 963 705 662 675 17 528 414 209 50 283 659 237 279 198 365 204 769 74 707 472 926 3 166 533 494 689 432 47 698 441 535 661 146 198 689 164 726 455 373 129 738 384 366 370 583 732 574 352 158 633 176 436 636 694 321 483 383 754 530 433 195 65 447 694 615 488 210 694 943 583 823 682 319 541 404 902 273 978 606 783 611 134 220 600 829 541 83 564 647 965 998 195 382 445 889 350 
933 99 44 228 34 867 910 353 760 314 608 386 644 214 169 608 349 741 208 530 635 643 94 282 960 444 477 342 889 366 692 174 817 88 403 851 307 665 557 68 332 165 454 976 731 623 936 432 717 496 314 352 139 409 634 99 853 464 794 95 182 838 621 0 927 24 203 234 42 760 302 374 277 756 702 361 732 639 793 449 135 108 153 627 869 787 78 74 251 872 521 434 63 143 786 990 519 989 576 561 
102 879 287 731 987 990 92 71 981 238 872 116 698 25 95 567 165 174 993 768 398 515 202 461 10 988 451 529 330 28 443 784 259 730 515 598 720 608 22 53 198 246 170 896 272 617 815 789 791 808 557 190 675 112 651 685 452 455 567 782 835 10 566 446 740 82 44 813 42 418 866 240 665 388 488 289 6 303 430 797 111 987 339 787 99 991 824 552 446 391 686 633 401 253 79 494 687 475 659 81 
894 525 673 911 914 161 552 272 464 982 421 927 969 761 66 421 752 891 973 550 634 659 183 388 264 614 882 951 89 893 384 983 418 57 246 684 218 798 956 34 780 730 314 102 491 380 523 595 623 496 497 610 507 32 998 772 646 232 75 735 125 460 719 895 517 965 580 88 116 888 474 896 618 788 998 461 521 873 56 496 721 553 106 229 585 456 1 583 40 76 319 165 888 390 413 758 355 345 198 823 
585 24 720 556 813 70 17 686 296 426 534 17 331 993 246 269 449 599 852 490 28 171 7 916 561 772 674 269 117 224 92 703 249 164 259 414 587 628 100 883 54 986 900 386 979 499 655 429 98 507 271 126 31 630 43 592 403 69 213 520 294 658 575 543 822 834 309 409 815 409 644 869 747 897 607 727 396 262 508 494 122 131 621 153 761 16 97 516 437 663 389 83 321 964 978 143 151 287 905 966 
48 901 835 796 798 443 523 194 57 383 41 531 514 14 684 627 382 134 144 819 797 533 903 470 497 881 613 648 521 870 966 569 124 802 365 922 597 240 469 6 623 862 538 137 876 574 765 258 60 261 429 209 794 684 679 291 918 645 292 439 515 258 8 639 412 374 914 361 614 735 368 590 597 258 727 473 832 844 83 893 105 864 454 899 549 134 543 467 779 187 258 646 797 266 638 210 992 552 923 959 
639 643 549 236 901 628 61 86 473 496 331 930 360 785 830 261 919 725 80 698 264 338 697 61 957 335 623 949 239 547 260 878 190 809 114 92 438 527 530 263 23 861 193 735 646 375 997 566 452 77 616 716 768 313 778 725 0 401 26 239 948 287 469 491 96 583 935 886 462 465 149 485 326 695 221 324 70 218 242 875 647 859 591 415 524 369 140 525 123 167 116 423 806 586 914 902 521 849 141 984 
666 642 821 344 337 42 669 760 612 911 635 612 122 578 27 999 948 520 876 423 39 992 846 845 578 761 99 452 962 240 436 629 883 257 325 572 652 994 332 616 258 319 228 732 898 608 731 198 480 607 621 871 952 467 716 530 580 815 982 543 408 770 524 643 380 201 215 32 196 900 0 806 219 581 890 469 541 622 667 21 581 288 892 533 108 960 416 688 127 750 583 535 873 459 178 253 661 746 637 209 
646 989 15 865 570 257 335 111 879 354 484 813 643 728 698 103 688 466 791 168 569 727 55 442 186 234 47 199 980 684 408 978 25 775 843 596 33 530 59 264 885 896 429 880 624 128 983 665 594 126 185 515 853 240 957 392 826 356 591 806 40 352 136 66 127 980 14 160 510 425 777 747 321 206 627 298 334 610 963 281 89 148 796 294 388 106 686 215 462 630 373 855 982 510 273 461 842 287 974 704 
64 751 452 386 957 431 684 644 394 999 925 483 147 73 777 887 531 816 454 994 798 180 201 780 42 474 593 236 113 567 940 177 318 744 915 276 176 599 920 570 598 197 405 97 622 182 337 154 350 143 500 148 675 701 280 717 527 874 305 992 441 598 521 112 342 437 740 870 36 660 792 987 209 197 84 831 732 421 337 82 917 837 583 592 890 863 310 769 737 967 761 531 565 283 643 260 720 383 482 108 
395 275 95 956 824 532 139 908 305 829 343 222 18 926 815 909 789 477 30 879 444 792 762 362 427 757 622 499 492 104 607 239 731 55 547 908 587 686 816 892 515 511 467 534 437 282 795 579 111 825 810 907 969 924 269 748 681 891 247 525 348 207 764 79 262 663 339 849 349 508 93 217 19 560 103 809 194 898 740 305 75 550 213 397 826 834 145 859 726 393 384 74 600 500 505 214 163 845 415 864 
705 508 81 724 421 184 885 967 434 625 273 510 527 838 259 353 672 404 212 750 149 948 176 101 448 34 315 963 231 730 828 936 239 909 660 12 446 546 979 880 523 604 742 51 794 1 404 819 758 617 921 907 917 98 9 366 132 324 329 715 55 509 651 646 771 663 10 217 561 989 449 85 946 192 136 740 545 892 559 303 861 481 563 779 931 572 145 415 248 826 130 655 688 781 301 459 444 311 28 358 
653 477 443 599 21 931 691 919 823 603 574 685 436 137 464 367 61 961 782 310 139 264 965 827 45 619 286 841 282 666 199 935 144 994 886 517 925 578 436 749 181 11 786 617 500 250 336 562 563 470 872 702 734 189 882 131 160 520 324 443 187 876 730 683 870 617 200 796 547 989 897 80 352 683 49 852 285 385 414 848 855 638 902 941 180 784 424 340 305 748 135 844 976 866 527 847 835 727 995 734 
68 244 814 420 927 863 273 564 600 39 764 807 678 666 100 858 803 524 550 460 624 686 304 601 904 831 800 739 910 147 825 331 391 639 751 670 854 24 586 454 64 350 261 94 368 713 304 171 237 206 983 861 892 287 814 148 470 614 887 733 113 712 64 504 703 815 526 557 192 112 363 608 462 976 54 831 689 358 354 926 564 338 140 809 977 306 957 448 273 197 533 386 261 597 243 317 764 769 874 308 
234 590 916 696 566 970 879 608 680 586 886 597 276 378 758 253 685 715 53 958 264 586 696 526 535 939 843 652 61 69 960 295 11 877 343 930 199 575 538 232 161 424 829 437 155 939 42 840 654 448 150 271 386 846 149 922 786 344 926 847 413 886 142 777 115 837 707 667 412 245 899 573 21 80 362 176 19 757 368 25 205 518 296 591 365 445 865 503 789 791 350 555 30 844 332 145 681 39 164 94 
636 63 19 9 495 734 186 514 491 554 540 696 73 188 639 790 986 857 293 775 0 995 682 30 839 366 528 872 405 692 318 393 108 338 403 603 72 941 118 915 847 10 963 920 198 602 62 184 459 355 312 812 350 994 842 541 713 370 766 470 415 84 864 523 422 619 126 846 560 596 113 407 606 76 680 157 679 742 341 490 450 5 302 152 352 497 694 65 219 460 535 634 896 751 509 671 370 636 517 930 
232 631 690 839 707 370 996 738 464 689 581 914 695 235 67 399 732 113 464 952 925 999 938 821 751 448 492 473 84 362 404 668 993 94 859 52 816 855 143 280 897 724 195 944 959 614 343 44 727 807 996 4 158 286 825 261 734 318 87 170 680 491 839 25 937 698 429 753 906 572 385 803 648 932 99 960 546 442 4 625 601 352 629 111 638 455 725 373 125 812 543 805 655 382 182 592 433 611 697 339 
