532 712 621 54 410 188 691 587 383 110 715 186 483 399 935 407 624 435 105 108 870 591 7 412 603 938 981 733 606 590 141 139 654 763 193 64 951 236 3 686 699 71 225 182 470 160 941 446 947 398 555 818 342 914 582 945 204 563 30 811 505 172 302 160 287 495 576 590 84 580 277 783 651 502 317 473 14 610 920 961 9 827 131 351 93 713 648 649 276 678 460 134 202 762 294 841 610 222 432 46 
154 61 181 157 915 850 631 281 460 903 242 821 82 726 524 175 439 172 824 68 203 637 554 757 751 848 951 713 422 383 759 577 796 940 734 63 142 717 344 603 620 938 424 702 664 301 229 456 825 406 876 28 395 430 138 146 630 89 860 52 824 971 629 972 264 716 35 406 433 379 9 54 317 786 108 334 87 690 790 264 96 666 293 491 96 783 989 726 224 849 130 48 173 760 20 437 828 55 843 261 
786 205 667 455 343 128 789 782 818 579 46 266 597 691 109 693 826 98 771 50 300 902 98 473 14 470 262 842 877 457 455 663 14 475 471 357 603 260 491 773 840 538 391 789 581 500 483 408 950 606 458 250 508 909 75 874 379 689 68 609 147 876 624 161 351 95 871 306 356 362 431 548 252 822 337 186 674 172 594 624 779 404 227 639 313 654 866 45 344 934 654 843 810 278 356 161 726 227 819 82 
942 250 630 546 424 319 732 98 492 678 75 623 83 654 262 748 660 128 793 4 63 799 199 225 430 556 739 156 135 558 238 77 161 220 976 585 539 708 36 31 387 463 6 470 117 269 570 777 749 364 134 164 515 685 390 945 241 129 101 729 39 691 158 200 911 134 138 803 843 174 834 582 989 193 404 106 462 974 235 211 338 369 728 206 55 118 151 648 599 253 729 638 944 888 191 208 22 329 11 217 
855 197 799 844 390 555 302 852 530 537 416 220 259 144 426 666 614 578 666 213 183 396 203 479 284 746 687 658 427 698 228 634 248 379 478 638 935 132 843 465 670 611 37 281 755 464 947 721 394 613 286 577 361 489 408 645 588 96 656 15 146 884 650 394 263 480 385 198 613 228 15 635 839 53 916 946 869 215 19 263 180 305 192 542 146 600 187 734 48 195 102 547 79 752 941 343 232 678 893 197 
906 909 832 97 314 100 395 183 667 414 446 848 71 990 390 218 590 929 304 991 125 406 538 556 158 831 251 743 510 145 940 768 406 125 218 720 225 613 903 245 380 701 93 451 691 835 21 633 764 326 624 241 732 162 798 243 994 401 986 856 546 278 624 304 755 194 24 333 808 279 578 188 980 671 991 671 506 13 305 622 339 281 216 423 444 366 18 790 767 356 998 314 635 974 970 390 169 995 723 329 
274 653 869 607 324 860 278 182 873 935 805 564 569 373 340 365 739 358 507 506 715 505 172 702 479 143 444 0 138 168 329 764 821 198 371 498 411 2 680 284 289 837 201 858 210 541 575 949 251 82 808 966 587 980 668 419 123 113 771 613 633 101 730 806 651 453 304 62 807 337 699 97 526 900 307 89 793 883 390 44 965 198 363 905 531 31 676 6 496 447 972 481 548 702 288 552 507 944 614 315 
633 665 764 512 565 423 601 710 306 343 107 624 894 470 881 425 853 557 431 350 356 755 831 257 457 471 809 317 768 423 632 401 89 396 913 6 819 866 69 478 210 176 454 456 646 687 881 851 596 664 553 952 420 737 209 229 208 18 546 976 794 530 730 235 278 995 593 450 862 662 280 424 190 734 232 836 773 465 40 369 129 593 321 901 330 883 483 891 901 381 867 47 264 949 282 542 945 876 992 159 
890 272 935 81 358 167 917 131 632 309 852 113 903 526 367 233 409 202 124 662 583 344 710 847 645 344 742 942 220 734 101 111 359 388 192 717 907 461 201 891 771 405 357 26 931 724 611 692 278 88 707 213 784 417 61 429 761 155 372 334 889 825 797 600 214 989 318 473 802 871 365 925 628 74 951 912 150 915 956 428 3 663 641 787 432 54 216 194 209 940 880 451 766 677 51 332 18 721 805 172 
944 522 98 573 948 401 485 98 316 793 526 319 457 520 106 889 574 675 435 136 615 315 587 733 344 990 65 362 64 223 535 8 745 985 933 694 386 770 144 703 564 671 374 21 191 481 910 117 508 346 605 123 13 192 209 710 535 274 72 599 497 959 959 595 296 893 641 683 663 785 738 579 808 112 600 351 945 863 469 805 561 74 281 926 619 490 636 506 764 61 105 614 372 416 209 669 309 850 704 325 
635 794 256 796 258 857 147 204 72 616 361 985 43 642 911 662 132 548 520 249 961 625 863 333 41 72 2 703 274 58 380 261 852 636 57 111 845 205 667 269 173 28 254 216 671 518 230 155 66 750 404 379 727 267 712 121 339 67 824 965 125 556 227 978 192 284 441 390 489 108 659 663 488 266 231 511 784 462 667 202 212 71 581 292 691 293 413 382 360 237 348 838 145 575 168 689 211 609 79 53 
69 91 68 557 357 299 69 141 113 88 343 326 159 276 970 850 569 383 585 282 972 933 472 117 860 640 806 71 601 238 124 670 329 192 579 686 844 0 179 957 88 874 635 600 150 605 802 71 988 387 705 960 672 177 77 532 169 236 604 770 474 80 792 803 273 724 841 469 724 372 426 165 246 62 117 748 667 919 819 656 659 877 968 331 54 46 216 224 634 820 346 108 900 139 263 525 863 456 994 939 
828 773 456 426 835 573 526 502 845 697 510 856 574 479 187 629 877 755 205 511 575 551 971 828 690 234 705 905 690 52 197 870 825 653 296 660 227 822 514 72 871 377 928 446 208 467 75 437 223 632 300 150 183 271 330 226 857 36 483 899 440 680 769 265 334 417 277 561 591 143 985 462 520 265 908 80 84 335 517 659 319 169 162 503 440 492 81 649 880 564 548 320 245 669 585 931 86 214 844 29 
358 829 844 230 446 752 663 882 440 180 542 759 350 704 614 142 548 47 792 429 964 692 749 561 362 687 492 800 901 336 830 611 517 674 842 315 778 505 197 570 37 91 682 739 147 648 234 696 696 378 477 12 70 226 573 432 265 417 233 167 753 415 130 622 441 972 937 219 829 134 142 867 226 824 958 725 824 192 421 872 570 898 884 641 477 457 425 94 874 10 613 979 777 744 601 218 716 890 790 546 
377 932 765 603 108 723 680 932 268 102 805 838 352 41 831 181 499 609 276 725 971 889 57 749 633 10 319 702 901 109 600 278 393 365 233 853 440 913 138 60 367 943 251 720 336 434 253 835 43 529 913 367 419 322 468 404 332 787 106 585 249 706 215 642 423 448 848 216 714 986 276 433 281 527 153 617 962 407 805 357 288 718 724 707 392 192 112 724 332 570 310 581 277 525 575 52 326 423 268 392 
761 545 825 42 424 331 660 738 90 465 96 378 535 172 438 927 717 902 651 49 472 313 982 101 191 909 154 869 685 422 261 446 319 438 489 96 769 149 834 859 614 930 590 149 455 28 428 172 930 431 573 754 745 907 856 288 816 362 157 501 136 770 948 808 208 789 904 978 938 738 189 904 21 779 405 476 159 833 0 89 264 573 196 361 480 404 649 648 118 158 150 254 280 450 62 489 239 966 819 529 
57 8 433 78 140 190 906 299 375 906 741 639 831 937 353 663 693 354 311 811 865 813 65 145 263 480 634 854 798 805 383 207 166 168 285 306 358 543 605 733 449 698 725 632 635 430 295 680 784 959 491 649 772 909 795 36 741 781 890 891 587 626 99 105 794 384 411 505 280 368 590 729 67 315 714 702 97 9 735 882 968 578 883 741 487 30 129 580 164 371 472 103 997 571 208 144 307 619 649 587 
987 239 669 54 907 383 109 4 744 196 238 65 774 474 158 262 504 287 842 20 10 666 123 8 237 331 152 545 302 153 132 642 392 153 696 299 536 157 656 633 353 894 698 128 720 856 742 225 495 936 597 505 603 721 865 192 404 369 89 707 522 222 349 267 727 397 566 616 907 574 249 612 821 299 92 541 507 186 118 2 123 716 859 78 437 77 622 193 798 712 900 673 286 601 940 13 351 858 629 610 
433 230 222 254 529 667 147 36 853 266 390 328 982 602 758 771 31 381 316 829 93 569 502 379 170 794 744 873 653 726 835 438 956 410 44 838 77 191 874 930 457 617 611 791 219 369 914 602 102 231 431 547 800 286 278 322 80 23 548 733 749 383 523 57 793 567 895 870 759 122 153 568 91 764 712 310 485 626 264 588 209 695 487 361 981 766 684 414 789 232 147 890 967 671 947 761 590 195 983 349 
669 136 270 760 252 982 422 90 960 686 30 170 381 517 531 715 283 567 129 72 799 628 314 119 651 614 880 242 809 863 943 478 352 213 590 604 547 12 694 508 698 76 30 431 594 561 146 877 481 627 302 632 608 616 751 259 230 631 853 391 495 149 221 847 362 811 803 262 823 850 770 873 926 800 305 520 713 803 750 194 431 52 179 391 20 930 2 603 562 856 346 409 5 568 608 719 731 411 981 907 
613 103 780 540 255 85 412 321 241 162 867 24 214 46 415 587 977 417 190 891 625 536 652 982 456 260 702 188 23 35 95 637 491 227 529 746 665 941 419 906 456 287 930 670 685 697 609 662 114 799 905 740 688 557 722 144 169 776 684 193 164 131 182 7 359 63 753 24 4 525 282 460 164 212 483 849 261 92 864 375 244 769 467 284 679 542 780 848 670 465 41 186 596 575 193 307 638 299 331 995 
824 965 807 988 177 290 837 438 735 701 166 331 823 985 615 502 879 747 350 550 212 744 736 161 671 930 468 310 229 152 657 405 117 464 393 647 107 582 437 194 636 955 525 811 293 492 313 172 239 15 74 804 111 811 317 783 93 137 445 674 641 102 431 759 918 176 758 25 758 547 219 746 503 96 557 796 940 870 320 532 238 395 336 349 558 5 484 651 142 281 677 784 735 108 895 654 284 653 679 394 
552 251 141 407 347 698 555 288 921 876 820 159 271 508 860 829 513 697 832 655 978 861 791 714 321 686 368 957 339 399 703 244 650 844 651 350 895 207 638 816 83 810 327 706 318 539 887 183 588 71 190 567 284 982 633 605 668 353 914 360 104 617 604 755 814 255 105 709 462 95 877 897 905 556 955 575 447 842 110 36 265 300 955 549 282 940 506 951 293 420 311 397 390 267 504 204 522 961 265 337 
56 142 586 313 50 542 240 497 736 350 533 2 651 840 903 933 780 410 236 425 182 547 823 572 814 679 128 689 993 745 378 401 887 964 715 289 858 307 787 595 658 672 949 661 513 852 946 645 614 183 71 797 82 246 721 249 925 202 938 918 947 316 320 187 632 387 476 491 46 615 438 56 640 387 717 153 591 16 798 206 199 221 355 281 467 428 882 393 982 820 663 930 488 335 469 473 74 297 964 121 
913 754 177 553 141 247 58 84 263 208 642 462 430 349 95 897 778 978 642 760 150 658 42 991 993 863 464 420 161 780 541 74 534 70 979 27 317 389 111 580 597 754 394 379 103 490 629 233 820 623 346 322 281 740 313 627 604 129 47 765 909 588 191 443 658 522 470 976 911 582 908 860 688 303 592 143 145 221 729 317 844 75 639 126 815 305 753 771 434 800 888 344 740 79 139 398 953 610 726 864 
544 987 77 584 290 669 727 787 890 456 104 86 883 95 564 51 752 317 822 187 469 711 883 561 142 22 312 96 984 38 312 880 377 389 464 667 58 544 806 300 352 262 387 236 358 951 287 462 621 461 649 442 524 884 4 667 259 316 115 595 706 427 476 436 817 292 103 227 836 262 528 541 524 267 777 234 570 416 697 543 229 698 986 754 583 342 773 194 10 888 789 68 667 265 504 836 910 960 64 746 
222 944 287 98 563 416 333 133 184 30 677 414 728 15 168 311 709 941 857 71 181 647 139 848 264 996 685 174 308 749 273 530 45 912 628 608 329 961 93 513 343 122 279 72 137 447 735 198 740 593 269 921 592 761 122 856 757 807 31 65 908 656 947 953 568 927 913 897 241 6 763 584 129 394 8 618 842 744 817 934 689 438 208 281 199 330 137 308 489 520 373 397 176 672 702 745 600 615 994 193 
973 109 777 454 504 786 73 698 882 242 984 571 680 192 852 232 874 341 540 363 862 266 112 390 938 814 135 890 781 482 83 755 591 213 561 447 351 634 145 233 228 130 156 909 674 360 493 549 701 33 264 915 299 377 658 590 191 793 832 325 627 268 432 219 481 993 18 832 628 164 417 208 646 573 117 672 285 610 573 986 996 838 254 647 215 912 237 758 57 422 83 685 690 867 256 523 861 274 707 841 
790 124 49 788 49 519 461 334 481 386 672 477 224 278 125 791 190 714 902 600 488 337 285 178 205 893 701 66 167 760 259 310 236 308 98 285 827 911 971 661 298 996 138 522 274 615 666 817 682 568 417 170 905 54 701 110 299 754 528 466 515 787 128 751 448 227 389 627 138 360 288 788 708 779 663 983 746 329 152 428 249 921 951 154 975 652 617 274 406 497 92 921 637 221 25 85 800 414 712 290 
126 353 79 835 132 742 170 230 423 322 659 672 243 962 178 570 614 795 196 20 645 640 294 282 213 671 367 13 437 431 656 563 784 735 750 268 829 272 499 604 946 510 276 541 472 454 463 86 602 659 458 247 652 104 529 865 775 248 231 212 679 887 128 816 974 230 436 155 503 935 759 801 797 387 343 269 841 806 707 443 818 518 42 822 622 571 687 750 171 270 314 203 509 794 19 835 25 807 342 880 
95 101 33 892 488 376 514 682 535 221 477 705 739 520 527 714 443 566 816 967 189 130 170 50 277 541 886 654 348 228 886 443 682 919 688 522 648 202 556 535 423 34 240 515 906 119 581 701 37 397 20 226 879 190 277 156 731 515 810 432 95 696 875 777 616 563 652 616 765 208 151 541 594 743 408 852 862 989 906 899 386 926 478 265 117 107 422 200 622 584 632 717 281 860 847 249 775 499 865 893 
59 16 434 654 759 194 506 973 183 412 224 921 691 702 186 808 161 960 360 783 897 993 853 178 853 700 779 980 551 996 873 610 364 659 616 475 853 475 448 36 239 672 957 930 727 496 90 888 808 451 24 705 444 877 235 649 929 14 629 832 10 503 794 374 162 411 201 16 238 649 404 477 674 362 408 753 210 498 993 18 301 17 724 745 246 959 746 527 326 376 711 336 231 506 63 745 269 264 761 507 
266 518 984 292 232 744 45 442 595 38 460 896 408 536 642 6 496 740 534 822 116 245 510 699 103 925 445 372 542 558 879 808 76 864 452 308 960 497 750 555 887 563 452 647 99 446 654 947 186 188 121 655 785 632 354 889 557 151 261 451 710 141 611 786 357 63 447 317 912 549 225 800 112 29 447 564 475 453 863 13 641 985 20 779 617 727 668 526 878 281 978 588 774 589 727 131 5 174 801 917 
723 378 69 836 407 869 752 234 322 615 247 316 600 268 95 569 347 763 96 225 396 426 814 171 367 893 654 724 67 807 642 790 185 63 978 592 932 730 826 607 698 426 923 298 46 18 868 393 133 316 618 529 94 784 52 813 677 707 538 744 514 180 887 700 595 865 644 880 948 823 487 646 249 410 944 647 780 164 40 265 832 10 146 926 147 199 740 824 258 630 921 772 810 808 824 757 25 469 637 973 
644 124 619 245 886 916 892 18 432 932 635 265 294 782 543 441 333 635 266 591 265 539 715 427 699 892 185 724 713 822 50 357 947 21 602 185 937 494 204 370 778 839 987 72 973 530 514 658 166 132 601 431 23 669 859 74 561 44 798 274 218 200 631 517 222 585 703 511 79 259 233 209 450 220 633 776 751 499 434 269 983 388 700 6 57 911 80 618 307 231 892 526 783 875 43 5 460 98 869 891 
357 102 452 160 323 85 936 426 585 722 695 568 110 395 927 519 659 359 137 966 590 381 492 374 608 536 731 68 986 600 311 344 703 763 856 378 201 792 804 786 514 499 706 977 246 985 496 905 345 986 872 287 367 364 13 328 252 745 748 239 697 60 935 752 175 791 130 376 935 286 514 801 137 573 778 384 558 627 641 255 613 513 543 332 230 556 660 834 653 409 425 703 469 360 455 996 503 938 373 790 
576 239 592 714 812 370 98 723 997 91 978 962 605 873 295 187 782 955 21 787 364 447 490 185 159 298 534 15 588 907 805 164 498 749 878 311 120 328 386 469 420 716 784 377 942 79 564 724 386 937 511 103 384 354 288 896 652 822 263 240 81 68 756 580 818 635 243 290 315 981 111 735 697 895 464 991 326 28 715 713 966 579 816 702 933 456 950 937 631 213 177 64 634 933 996 804 920 591 446 236 
572 557 323 622 805 140 613 483 168 681 196 486 260 364 189 545 821 491 482 804 705 11 868 339 296 865 143 217 456 941 805 29 498 480 3 655 620 616 139 141 649 687 627 909 52 168 454 225 660 288 29 717 299 249 56 596 114 551 165 571 492 322 952 342 154 307 350 127 923 841 268 573 528 247 834 932 768 641 509 428 929 890 145 581 140 553 529 254 456 46 177 300 368 481 994 874 788 344 1 64 
185 269 989 66 517 175 350 285 816 860 65 98 750 562 679 242 467 560 497 275 606 26 575 326 508 569 200 648 266 202 712 803 823 53 221 692 229 572 329 45 784 394 495 886 308 174 129 127 86 978 402 692 4 977 18 864 899 571 513 517 773 577 320 596 631 542 289 860 466 618 257 602 365 753 488 25 279 617 153 366 595 555 410 952 885 429 816 136 0 329 653 125 907 973 73 890 867 714 750 685 
685 359 287 50 112 776 427 744 745 580 110 693 488 520 645 373 301 813 509 653 495 514 778 754 839 204 644 707 918 746 392 603 105 32 5 218 808 433 962 905 365 424 598 853 296 595 578 598 761 439 603 256 953 382 10 793 938 6 852 856 752 596 460 857 628 817 427 788 602 741 694 968 165 644 173 462 592 752 412 353 543 15 961 849 749 323 994 687 329 846 544 433 794 356 290 775 173 70 563 776 
811 609 96 977 606 269 791 198 373 203 903 917 570 864 766 320 539 112 7 868 958 903 301 104 259 943 879 785 13 795 913 825 404 9 154 362 278 945 560 4 500 815 921 70 31 39 390 570 151 750 438 461 653 91 917 265 35 797 402 400 592 315 225 348 324 731 711 954 28 623 958 528 439 231 951 822 622 693 393 125 795 183 586 449 275 504 66 662 653 468 62 597 783 640 297 459 723 8 765 752 
984 724 632 775 307 583 597 930 629 990 55 424 174 994 225 801 850 291 463 503 111 877 452 246 517 749 705 241 110 823 345 94 899 977 221 206 913 170 488 542 161 896 318 687 890 544 840 740 187 303 595 299 532 47 545 50 148 603 643 258 426 988 704 677 317 925 883 230 96 372 124 609 620 443 648 510 987 488 602 174 143 549 825 675 596 723 725 744 678 720 355 104 60 59 133 378 985 16 608 433 
740 733 42 360 176 690 222 515 530 824 41 673 373 867 348 321 590 426 418 268 146 125 724 207 184 857 937 521 225 545 954 318 630 348 678 158 390 901 25 920 77 67 593 803 286 942 476 876 368 246 496 866 371 572 425 556 781 362 429 6 260 384 324 890 732 355 401 123 608 778 43 685 845 989 840 131 931 317 359 651 915 855 869 287 779 295 195 560 657 624 567 917 8 243 160 93 598 913 568 206 
691 963 244 537 952 436 20 235 105 380 238 21 587 108 308 367 403 855 279 60 479 846 330 840 442 490 285 40 403 853 599 446 168 195 983 473 631 356 708 737 736 299 758 675 407 418 394 162 625 674 574 456 872 904 296 314 746 933 707 501 138 658 948 307 853 283 780 836 639 840 573 727 139 683 403 898 453 149 60 78 823 987 535 696 891 183 362 990 117 69 491 255 727 439 914 932 75 694 769 714 
535 342 442 26 378 197 925 183 346 337 262 170 324 149 218 568 332 580 558 801 2 401 409 81 193 323 14 268 18 783 982 905 477 776 931 207 973 208 391 320 546 5 842 222 154 412 142 838 992 52 640 346 454 49 428 999 372 794 267 742 929 601 999 406 730 283 966 703 491 357 375 389 714 569 964 868 981 106 706 326 159 698 672 965 747 452 964 472 246 583 566 175 536 566 934 266 201 900 322 692 
609 49 434 323 619 398 191 952 856 249 278 367 948 951 332 47 403 648 871 650 583 790 177 472 708 111 90 909 11 764 601 972 814 387 295 785 137 838 737 994 88 368 713 388 319 398 787 74 46 11 76 982 801 254 454 509 717 896 418 81 661 371 53 827 759 349 612 248 539 701 242 979 69 308 367 740 706 507 167 104 518 243 86 319 849 892 180 567 789 598 648 802 969 53 629 80 402 593 329 294 
294 923 273 716 231 993 456 937 500 975 42 370 219 480 41 420 725 221 339 514 819 339 316 140 393 297 221 147 890 902 441 536 825 67 252 57 60 61 346 912 36 740 634 607 221 675 380 946 896 719 812 67 411 480 559 156 777 780 303 19 682 97 555 860 164 160 269 576 221 615 840 609 356 474 569 929 149 949 227 397 20 391 816 783 871 375 939 0 508 595 371 542 692 926 402 208 86 671 136 659 
639 976 621 995 450 190 276 951 491 503 348 863 246 516 647 469 891 586 469 751 181 192 294 225 118 48 433 557 72 921 568 711 897 189 58 347 731 334 298 222 189 998 86 435 514 85 904 758 671 725 509 205 269 155 430 387 204 216 296 628 489 217 339 387 758 749 86 490 435 737 64 976 735 502 763 602 587 19 712 611 744 573 816 13 729 598 752 285 166 401 913 656 970 604 395 728 353 481 570 140 
218 987 116 306 489 879 908 429 898 972 40 994 545 208 359 274 158 463 911 677 216 176 685 186 780 80 267 485 561 837 977 132 824 93 438 666 972 698 95 222 670 135 216 567 695 575 194 205 391 105 882 607 282 567 794 414 999 61 252 913 250 229 45 75 675 835 93 999 533 188 222 555 675 438 122 722 366 316 927 757 774 810 364 408 729 510 174 81 923 426 994 174 8 391 601 35 226 694 34 111 
882 256 666 909 47 140 631 765 809 558 874 583 720 238 343 450 101 517 531 24 296 877 550 656 268 151 691 494 845 725 605 79 334 623 340 733 115 971 850 924 882 724 859 602 314 554 404 415 72 287 792 368 164 342 24 432 494 67 278 691 144 235 123 830 210 463 563 326 787 413 602 669 489 814 271 804 368 676 219 792 315 11 160 480 354 536 264 200 955 895 243 100 130 366 930 341 830 846 19 969 
611 621 638 101 787 909 905 156 937 476 948 253 840 461 85 546 349 701 98 305 596 341 757 79 708 687 772 890 885 791 859 849 764 497 302 904 758 559 60 48 35 360 653 227 173 90 773 523 791 871 828 388 213 585 819 273 624 591 163 862 734 374 711 850 223 13 754 981 572 814 381 959 527 34 187 700 124 312 223 916 536 403 656 749 340 827 374 317 418 889 179 152 263 242 2 486 607 757 819 531 
923 201 842 450 587 29 503 712 694 78 980 230 482 988 331 174 815 705 491 585 594 22 737 857 616 91 695 223 200 514 106 476 715 949 278 655 330 781 367 24 860 699 254 694 687 585 868 854 290 712 439 884 86 528 93 703 619 788 278 172 655 385 648 722 686 926 377 16 708 96 41 920 795 295 614 834 233 834 688 523 898 479 760 985 7 205 40 979 994 318 503 1 55 151 723 741 429 101 758 489 
197 799 409 345 446 375 179 679 562 220 555 460 699 315 797 59 520 837 38 866 508 541 867 915 44 943 657 473 396 767 963 593 918 372 290 716 100 470 396 662 690 303 474 741 618 272 800 490 109 190 709 969 731 928 885 775 871 894 601 619 661 564 213 931 288 855 647 388 325 395 402 367 698 877 461 668 149 261 511 610 452 220 580 535 500 817 663 724 711 264 343 724 828 908 655 468 764 654 209 441 
50 611 809 100 840 622 769 341 883 632 304 687 852 884 223 704 53 886 428 764 502 772 488 682 680 495 150 444 149 359 886 551 323 47 4 163 669 125 857 904 757 161 592 609 397 167 313 450 405 94 214 907 866 54 589 546 901 739 343 402 451 581 954 126 980 958 641 649 83 498 905 192 659 849 801 56 16 466 858 773 912 424 680 778 478 621 677 379 361 20 782 164 953 88 290 933 398 931 934 833 
430 839 25 441 41 178 850 57 996 708 831 909 485 863 687 963 485 716 695 198 736 829 714 41 269 4 974 667 287 908 852 69 100 229 511 141 407 713 550 403 773 733 312 258 949 352 574 434 68 621 984 157 450 698 198 71 702 525 90 989 785 942 59 885 171 922 378 930 635 281 333 760 14 998 19 963 702 945 749 122 566 733 631 368 431 830 439 485 707 529 827 492 823 238 730 346 160 108 276 147 
741 961 259 108 311 278 71 365 223 173 488 141 258 119 509 690 301 948 527 360 829 354 853 4 944 583 350 456 43 978 603 785 292 215 893 603 493 316 969 69 841 809 210 100 280 72 142 934 372 669 294 202 376 147 558 320 82 909 129 478 239 732 263 531 947 508 135 793 176 456 214 18 617 776 470 897 848 612 831 221 633 126 775 9 273 333 682 708 594 811 186 834 895 801 365 195 309 852 340 837 
308 906 207 925 682 677 175 531 289 6 104 923 132 879 284 758 564 318 818 159 481 4 993 729 805 710 276 466 563 616 655 223 522 863 149 556 540 324 87 182 682 543 457 167 774 741 277 339 412 95 498 245 451 843 974 256 553 250 74 116 218 729 340 92 592 841 649 485 517 88 667 551 632 124 718 406 217 347 97 981 442 947 227 893 790 553 501 696 156 927 164 374 657 856 819 601 49 468 438 918 
556 105 470 540 581 540 299 151 888 748 132 330 696 711 576 838 265 77 534 773 5 51 499 14 907 318 967 309 786 406 227 695 511 697 587 445 238 886 596 126 635 80 808 683 792 384 521 409 814 408 182 171 811 681 537 70 0 504 379 138 910 607 185 774 656 773 571 246 11 167 724 998 247 885 33 391 621 555 800 787 315 982 958 126 664 847 196 16 352 928 154 614 887 692 740 543 465 663 142 828 
830 866 179 430 103 212 821 725 119 974 512 434 956 823 912 620 670 461 636 374 389 143 989 276 835 81 171 652 745 313 480 927 532 11 709 635 224 883 712 343 857 225 130 813 48 42 786 70 503 774 445 244 269 786 520 104 219 692 108 964 357 589 244 889 952 305 877 176 188 589 872 397 166 2 211 566 396 349 637 252 475 82 848 745 220 369 201 439 413 310 756 770 251 352 12 203 657 241 732 846 
182 604 243 349 958 806 915 706 507 904 958 983 338 159 80 558 528 281 350 293 591 106 415 842 810 779 398 467 20 130 665 203 734 909 904 44 67 171 750 927 76 61 910 766 220 342 677 100 623 27 393 567 485 808 409 295 940 159 762 960 289 428 515 375 689 419 419 108 943 170 35 19 231 297 137 803 639 814 903 263 841 648 182 678 456 943 973 748 103 88 709 392 516 224 120 557 996 539 665 939 
61 53 310 644 350 447 447 342 262 350 957 455 998 139 134 807 82 459 555 185 547 616 930 415 193 50 972 541 589 990 480 3 395 142 647 97 589 95 439 203 797 396 11 148 887 145 307 970 604 862 507 152 831 789 567 24 839 892 917 781 234 397 784 629 891 431 726 832 878 518 36 676 266 47 176 154 544 483 476 148 697 983 652 528 773 572 904 964 816 821 97 50 570 233 31 461 17 109 294 895 
627 682 923 246 81 99 400 625 582 876 125 280 211 130 160 336 54 65 653 870 238 750 272 809 984 303 622 1 764 916 248 744 950 172 990 31 271 390 8 206 618 486 838 181 616 998 870 670 415 523 892 654 625 164 815 961 819 437 962 583 706 563 327 656 735 317 40 358 59 400 564 29 886 402 211 854 753 433 876 168 956 768 174 581 932 989 543 751 427 857 687 133 420 14 141 507 684 533 866 743 
934 782 125 172 537 336 27 290 769 903 810 77 24 985 10 956 974 905 60 753 763 747 238 535 113 732 43 797 265 261 893 551 43 18 724 932 706 103 222 827 358 385 256 382 370 266 691 696 172 103 450 287 850 688 174 315 420 569 465 38 830 358 589 226 728 665 158 786 768 733 965 127 118 221 861 840 839 904 536 363 7 986 650 209 27 825 525 799 746 990 189 577 700 779 155 780 444 313 566 565 
398 883 44 516 104 905 356 295 810 245 659 817 231 309 379 610 486 904 762 233 246 951 162 298 82 317 78 879 982 996 444 381 879 488 249 335 745 958 630 907 203 289 77 786 951 456 397 437 712 511 22 958 814 184 256 897 853 334 776 836 682 572 217 561 60 466 896 157 776 526 65 979 168 142 766 119 950 515 556 662 26 931 620 840 467 228 89 321 914 865 157 596 789 726 157 849 544 405 359 321 
931 424 300 451 918 66 570 868 933 127 882 311 410 854 504 877 82 593 198 996 811 707 592 600 433 101 802 978 506 161 299 789 937 951 241 855 370 811 75 303 290 309 615 700 163 119 930 245 64 128 593 875 836 537 828 621 638 982 599 144 143 250 285 80 202 526 287 572 338 714 227 980 23 842 33 538 313 963 135 730 91 728 957 279 265 785 901 255 767 852 751 262 455 36 342 657 563 981 581 253 
695 808 233 70 3 618 608 668 581 743 398 25 823 356 304 440 493 557 695 261 410 798 875 865 835 218 874 398 551 807 3 599 967 588 669 322 207 630 991 788 725 741 813 901 449 470 341 943 27 389 556 789 187 431 6 22 1 232 772 553 39 127 152 359 68 173 681 275 155 24 415 881 118 581 782 567 51 475 510 430 864 418 572 404 850 578 778 851 163 903 756 554 30 260 913 98 434 595 725 589 
971 493 822 89 74 604 657 477 80 519 259 296 938 831 700 140 762 831 343 925 734 100 479 116 360 393 567 146 340 292 88 663 137 910 753 211 867 762 40 299 633 300 947 571 483 0 63 245 831 407 522 565 507 2 33 219 747 600 718 439 245 806 454 382 68 207 946 935 321 986 586 955 638 534 878 122 534 942 719 717 349 242 634 208 596 667 427 695 620 145 486 865 303 940 599 372 500 545 659 821 
884 598 128 522 132 7 996 18 949 716 735 650 958 369 858 906 36 285 601 8 783 87 873 438 27 473 162 527 370 174 701 254 772 829 777 256 836 125 274 137 841 361 787 151 730 645 57 118 283 658 479 418 97 352 856 125 177 371 4 548 545 57 802 317 239 931 573 427 57 199 565 250 560 704 402 642 702 459 112 337 470 591 755 567 296 963 44 473 334 401 373 879 458 176 548 697 459 473 125 868 
672 42 119 584 746 521 578 800 332 43 137 802 986 244 370 282 560 414 108 246 815 481 126 626 9 26 323 469 500 800 689 524 842 160 109 941 681 39 741 366 82 879 168 69 123 890 703 35 305 163 282 472 645 760 450 654 786 774 475 286 926 517 811 121 677 272 62 711 311 803 77 746 34 597 167 510 488 870 545 145 34 827 969 31 939 420 37 726 546 865 364 472 382 527 593 411 799 7 122 463 
811 551 209 197 149 728 59 989 598 605 134 984 784 103 367 724 875 405 802 421 622 166 894 356 694 839 767 845 847 242 660 10 793 221 207 294 949 619 635 548 224 769 884 360 225 252 84 100 9 238 874 631 405 768 987 451 959 106 296 806 348 309 168 494 530 728 788 480 347 424 380 571 545 616 283 122 868 720 575 229 958 449 212 363 569 199 814 528 658 463 687 6 772 855 500 654 583 641 134 930 
65 866 853 962 483 137 437 703 857 12 285 815 813 497 179 382 49 345 910 707 160 597 713 284 805 566 939 388 207 425 319 624 292 172 586 127 661 23 830 518 387 115 334 200 965 865 582 14 562 845 721 723 794 434 7 599 0 298 340 559 724 11 183 368 535 770 495 197 145 677 715 533 145 401 85 110 618 668 476 181 865 197 256 11 983 615 963 336 914 303 895 990 314 79 358 849 201 205 46 698 
234 114 583 731 867 669 193 838 689 669 371 906 218 627 917 202 594 880 890 508 183 137 850 849 216 560 699 769 117 97 820 704 563 403 435 783 424 981 621 113 650 344 19 221 971 289 775 917 169 665 426 705 802 628 554 371 189 605 492 306 703 312 10 618 716 798 401 140 779 374 606 781 718 977 2 41 266 129 959 436 794 737 493 949 717 47 320 906 5 812 565 60 125 927 678 193 725 432 685 856 
158 291 638 229 269 992 622 887 122 933 675 268 670 168 217 740 568 889 646 573 702 563 633 179 491 663 724 568 95 761 425 606 53 415 835 674 407 457 561 881 391 589 502 413 757 719 153 325 609 152 250 663 715 883 194 558 547 918 127 994 679 904 600 84 319 435 110 78 245 24 312 636 613 814 401 722 885 555 48 494 59 298 509 126 534 703 37 81 973 516 427 5 420 28 441 91 815 552 521 60 
928 833 48 541 999 450 263 885 357 663 731 416 314 241 894 200 944 931 633 270 447 60 627 867 88 68 310 904 620 832 964 900 17 365 441 17 815 57 254 172 72 985 940 738 226 834 938 523 766 571 145 213 632 772 433 72 840 743 976 813 927 293 713 945 658 507 314 473 916 568 997 988 905 937 79 132 771 17 7 889 589 152 455 573 924 888 645 764 983 974 577 263 267 643 560 277 150 226 102 418 
794 99 406 699 388 837 183 159 855 190 401 796 342 856 369 618 96 366 383 431 340 312 694 607 307 606 236 457 832 338 875 626 437 634 678 825 471 213 337 678 756 90 826 98 946 195 69 394 914 804 825 254 116 872 214 424 478 450 233 311 789 461 289 226 447 319 404 270 533 93 301 289 183 127 739 481 323 808 875 237 612 700 843 81 924 57 857 403 508 442 66 297 903 355 875 702 27 631 973 560 
724 274 201 259 401 292 740 76 453 615 665 417 668 509 850 592 918 707 347 426 150 413 75 405 121 303 108 148 934 81 60 11 707 613 270 460 905 363 537 710 978 554 128 646 415 978 591 334 38 938 112 188 352 540 593 473 843 53 973 129 486 33 492 193 998 763 654 903 478 543 614 456 449 94 455 865 424 46 551 462 336 663 2 688 203 948 513 398 1 838 528 488 871 20 681 869 135 687 125 613 
582 91 422 32 537 877 249 961 275 800 424 611 463 778 652 19 726 165 417 728 4 945 216 227 318 249 449 805 289 926 771 871 17 193 903 554 422 504 867 697 304 643 308 768 422 960 139 148 478 556 228 834 854 444 413 524 46 862 329 335 788 100 206 157 293 462 711 715 966 931 764 623 574 73 391 996 385 530 497 215 438 725 49 292 522 463 816 568 677 498 903 466 598 461 975 244 275 39 311 594 
970 76 217 544 501 960 893 238 842 390 806 280 467 855 925 989 670 93 557 700 591 812 518 542 274 493 138 901 532 449 495 502 877 712 399 730 672 644 321 514 386 127 147 853 334 72 843 357 165 752 57 757 565 575 651 191 68 789 92 953 590 588 807 468 652 206 550 677 202 871 543 588 350 690 442 685 762 285 42 280 37 451 389 954 26 40 145 446 829 238 399 419 178 207 239 830 765 142 507 968 
365 51 556 716 741 350 753 856 635 147 136 25 598 525 979 976 917 125 422 746 715 822 517 893 381 109 723 498 251 583 818 968 986 727 684 727 77 789 935 65 936 423 90 886 300 421 862 217 898 285 315 965 459 833 858 192 942 934 42 545 869 861 513 855 588 550 934 665 691 870 730 628 293 172 866 946 946 729 163 196 366 479 162 177 312 20 369 606 306 763 503 175 624 368 30 212 918 965 230 610 
187 960 590 832 485 808 778 431 889 942 979 255 421 141 432 85 514 153 43 820 917 898 996 893 266 378 106 185 343 688 147 882 648 89 715 485 897 493 268 787 787 248 394 560 389 179 997 903 684 40 76 953 938 72 847 205 802 305 742 498 993 241 380 993 330 95 479 579 941 99 366 728 347 113 289 89 292 286 992 976 679 420 930 969 492 777 526 647 82 268 145 427 861 525 420 191 973 899 771 914 
999 489 642 698 954 283 787 246 922 132 223 953 552 505 922 397 634 449 44 68 69 189 495 931 66 915 474 39 167 597 953 518 439 948 216 393 583 356 640 857 488 215 810 392 72 85 789 706 534 833 774 955 374 621 886 441 888 713 832 55 310 138 925 749 86 494 143 21 202 135 879 690 350 41 82 422 126 224 480 660 409 606 968 784 227 206 577 467 919 761 875 230 899 800 331 337 646 474 359 848 
609 590 890 311 631 325 85 758 549 565 770 958 171 738 94 750 297 23 218 216 785 93 798 36 245 482 374 892 308 85 740 918 675 631 581 658 956 667 416 505 584 539 815 756 629 262 858 926 637 76 495 422 169 645 811 767 127 185 659 436 622 399 706 297 382 287 307 338 306 724 195 891 263 11 999 892 625 857 171 262 286 666 37 807 311 848 574 439 385 233 875 7 985 933 656 367 220 963 706 879 
39 901 770 654 264 121 899 889 330 70 504 616 736 541 424 399 389 998 190 126 584 417 485 569 350 141 936 923 456 642 802 496 896 924 150 512 45 49 754 375 471 258 344 559 799 768 959 540 118 501 18 54 919 503 623 269 996 560 192 452 554 994 300 802 270 803 667 315 852 421 43 676 679 387 235 830 507 546 722 977 48 740 32 967 243 655 588 239 567 781 43 474 127 344 628 398 147 295 65 351 
68 108 379 747 847 615 929 706 513 651 36 561 743 68 880 986 75 469 577 995 250 973 821 729 669 801 127 816 97 193 519 165 653 899 265 853 866 194 559 379 198 595 293 941 15 173 280 91 994 209 438 244 182 259 974 851 60 453 19 509 646 539 27 652 790 644 505 8 190 416 387 388 364 32 682 379 558 962 822 552 171 612 149 354 871 475 557 284 928 577 145 927 468 172 579 610 816 436 618 7 
204 357 747 568 390 429 300 948 391 474 500 915 87 649 621 310 124 178 946 405 107 92 332 575 616 263 537 785 51 155 792 255 513 539 176 255 321 828 203 712 302 55 627 741 57 248 404 533 779 350 938 886 794 622 814 411 237 351 196 288 859 340 896 372 231 72 979 552 900 182 265 554 589 244 296 646 845 700 180 976 402 470 862 197 93 28 960 682 732 156 971 591 496 219 315 79 643 294 632 895 
828 249 449 417 493 97 64 690 149 596 666 552 66 881 101 159 909 61 842 993 217 165 584 65 736 899 496 379 545 128 274 373 377 75 791 223 173 207 265 674 803 932 226 869 165 327 381 426 740 575 420 957 92 4 374 180 256 871 559 153 351 185 527 81 612 670 304 137 229 569 812 384 853 390 253 370 718 986 797 810 913 217 768 357 573 494 537 181 717 448 335 421 633 214 502 246 236 158 735 465 
727 547 849 933 938 454 303 8 793 452 818 58 21 938 416 595 785 953 128 854 402 463 275 387 29 129 985 265 287 721 82 367 620 283 300 558 738 955 918 883 760 89 941 781 27 357 376 164 663 505 19 417 320 646 804 350 776 142 967 63 863 50 430 483 333 82 394 423 38 664 306 798 753 600 579 133 309 308 297 972 165 668 389 485 315 546 187 91 688 155 506 903 557 937 738 242 19 484 666 409 
149 324 559 902 924 491 387 234 151 685 558 316 353 300 153 668 198 693 111 238 200 970 141 757 907 231 999 278 716 17 40 217 342 599 471 618 442 859 204 593 544 763 261 249 415 767 270 613 460 381 851 12 351 344 121 610 575 472 241 643 490 281 860 184 232 684 802 675 543 7 620 87 122 234 688 537 1 958 150 813 692 353 825 43 697 946 6 624 418 247 268 260 528 480 444 112 164 247 139 707 
606 112 146 728 346 835 617 699 145 119 864 837 472 41 233 521 339 239 145 109 838 765 370 718 598 166 830 762 413 970 822 371 82 320 451 780 507 68 831 653 539 695 490 363 736 723 884 75 962 382 184 800 499 906 518 97 73 701 860 838 671 34 210 105 354 13 237 862 434 68 515 973 115 5 337 851 729 573 278 43 955 814 196 455 721 66 552 146 767 764 984 790 798 546 247 153 912 484 367 346 
904 882 671 19 239 8 222 968 582 500 364 889 667 912 696 740 978 601 886 98 365 222 240 516 121 488 669 33 324 36 731 581 270 402 600 509 763 175 830 345 675 194 586 694 458 283 434 436 884 320 886 601 895 127 117 16 967 138 401 291 526 484 872 796 886 825 658 649 0 488 346 27 34 933 722 492 568 156 280 804 829 167 757 724 646 227 92 613 365 845 904 244 329 129 392 215 306 50 217 306 
890 563 685 924 848 407 768 768 916 401 572 745 920 682 821 566 909 265 179 274 110 435 870 791 916 263 358 222 665 575 528 556 491 566 832 691 973 601 460 889 2 384 986 274 66 159 840 975 424 19 602 886 806 472 677 723 87 36 945 753 963 826 661 454 392 493 146 717 446 958 959 800 342 945 74 761 457 914 736 881 285 690 768 444 515 797 167 602 833 464 707 797 290 720 603 34 214 749 752 12 
59 63 165 402 360 239 163 817 506 251 699 143 942 819 587 809 616 754 411 802 571 471 599 861 543 554 248 109 656 352 122 715 415 287 117 775 878 632 945 384 884 996 880 178 815 467 987 783 574 750 585 145 221 536 358 117 443 958 226 99 310 348 814 77 987 932 205 866 564 150 602 800 146 482 978 313 302 965 448 876 716 386 373 289 274 731 406 717 42 633 816 352 333 631 430 321 915 987 539 479 
137 141 632 635 976 610 948 278 576 748 506 644 134 879 933 409 962 340 478 4 325 295 709 658 926 491 979 841 478 518 672 615 12 656 602 988 267 902 266 195 650 124 839 137 3 772 898 965 464 376 322 789 671 31 448 949 522 427 142 352 298 167 319 310 823 921 650 90 823 268 285 473 392 124 610 395 249 508 712 713 237 386 503 908 417 303 858 291 82 352 643 380 519 962 42 343 883 692 433 58 
312 71 532 704 195 494 451 444 355 516 510 592 902 13 852 320 316 62 963 750 415 959 131 934 921 525 277 157 570 711 215 882 782 99 939 329 946 390 126 301 906 636 245 809 1 449 481 669 512 444 419 927 403 902 861 677 428 491 186 998 554 753 232 688 853 171 17 151 562 495 804 820 131 49 629 132 850 462 153 362 907 573 289 662 475 503 691 255 346 877 253 900 631 838 588 836 9 957 987 923 
453 143 744 936 192 725 421 42 188 574 757 447 147 398 109 975 901 153 230 599 30 836 499 13 674 439 201 35 397 540 959 202 683 55 138 227 132 911 622 320 486 379 119 985 777 581 960 31 734 191 630 116 27 482 130 701 921 331 88 318 224 47 872 907 454 11 135 587 922 757 259 760 136 731 746 265 312 706 648 46 249 631 162 276 113 644 329 34 328 418 705 552 817 577 459 272 940 594 211 215 
703 822 975 191 553 73 809 865 780 457 263 381 88 778 658 201 422 339 588 750 757 293 654 575 222 466 199 163 60 762 730 116 584 57 307 138 131 116 3 263 926 619 644 14 397 654 568 819 994 156 922 751 449 576 678 671 42 229 186 455 991 916 923 576 974 582 66 457 51 421 720 977 40 716 991 437 371 911 257 365 67 531 468 516 459 499 540 854 728 78 661 72 995 584 0 321 166 66 778 569 
487 850 546 880 566 890 317 937 801 926 654 869 457 123 737 269 622 629 123 702 708 784 126 55 720 126 728 238 544 858 808 384 708 354 264 626 596 933 564 398 860 570 619 669 693 708 938 667 338 61 722 398 197 848 805 917 327 533 156 871 391 964 607 451 670 871 77 267 805 993 17 17 564 988 686 609 696 625 277 386 38 999 784 236 847 589 153 526 474 661 398 865 625 5 668 648 229 746 915 386 
91 284 403 7 272 89 617 968 66 246 707 105 597 491 341 796 433 846 323 259 508 721 125 133 78 145 133 307 891 48 45 335 684 448 342 956 890 311 277 308 909 984 413 506 827 106 303 612 953 626 872 461 347 349 946 777 494 80 437 738 480 482 73 517 283 767 473 525 431 102 833 340 438 599 847 618 705 150 230 10 128 454 823 827 803 122 604 650 554 41 388 386 876 813 903 511 932 729 36 363 
831 221 56 622 820 255 240 878 757 822 240 885 277 64 712 432 538 316 82 92 710 470 478 938 635 382 449 568 111 485 283 294 58 339 268 231 594 508 109 351 331 701 588 960 117 300 392 655 969 827 747 679 649 226 617 285 960 418 853 423 255 488 69 313 828 338 544 774 846 5 478 529 707 66 489 824 719 234 832 688 61 579 719 710 157 688 347 117 106 552 892 361 41 962 674 221 300 571 995 146 
576 825 28 635 892 869 812 611 103 644 651 516 223 370 579 733 58 926 850 164 831 95 525 872 57 551 93 357 474 440 855 51 266 883 686 510 753 498 473 208 142 124 77 718 494 656 451 552 934 653 68 765 748 945 989 805 848 434 514 323 227 370 374 845 605 412 355 358 263 180 919 757 656 996 475 502 4 278 406 938 284 474 56 32 419 397 190 267 832 704 590 59 426 316 904 32 81 611 742 344 
